2019/01/09-02:42:44.937172 7fb0fa56e540 RocksDB version: 5.14.3
2019/01/09-02:42:44.937198 7fb0fa56e540 Git sha rocksdb_build_git_sha:@0@
2019/01/09-02:42:44.937201 7fb0fa56e540 Compile date Jan  7 2019
2019/01/09-02:42:44.937203 7fb0fa56e540 DB SUMMARY
2019/01/09-02:42:44.937231 7fb0fa56e540 CURRENT file:  CURRENT
2019/01/09-02:42:44.937233 7fb0fa56e540 IDENTITY file:  IDENTITY
2019/01/09-02:42:44.937237 7fb0fa56e540 MANIFEST file:  MANIFEST-000005 size: 467 Bytes
2019/01/09-02:42:44.937239 7fb0fa56e540 SST files in node3/chains/HealthPoints/db/a7e85d79f8107887/overlayrecent/db dir, Total Num: 0, files: 
2019/01/09-02:42:44.937240 7fb0fa56e540 Write Ahead Log file in node3/chains/HealthPoints/db/a7e85d79f8107887/overlayrecent/db: 000006.log size: 79116 ; 
2019/01/09-02:42:44.937242 7fb0fa56e540                         Options.error_if_exists: 0
2019/01/09-02:42:44.937243 7fb0fa56e540                       Options.create_if_missing: 1
2019/01/09-02:42:44.937244 7fb0fa56e540                         Options.paranoid_checks: 1
2019/01/09-02:42:44.937245 7fb0fa56e540                                     Options.env: 0x5644ad776ee0
2019/01/09-02:42:44.937247 7fb0fa56e540                                Options.info_log: 0x7fb0f864a870
2019/01/09-02:42:44.937248 7fb0fa56e540                Options.max_file_opening_threads: 16
2019/01/09-02:42:44.937249 7fb0fa56e540                              Options.statistics: (nil)
2019/01/09-02:42:44.937250 7fb0fa56e540                               Options.use_fsync: 0
2019/01/09-02:42:44.937251 7fb0fa56e540                       Options.max_log_file_size: 0
2019/01/09-02:42:44.937270 7fb0fa56e540                  Options.max_manifest_file_size: 18446744073709551615
2019/01/09-02:42:44.937272 7fb0fa56e540                   Options.log_file_time_to_roll: 0
2019/01/09-02:42:44.937273 7fb0fa56e540                       Options.keep_log_file_num: 1
2019/01/09-02:42:44.937274 7fb0fa56e540                    Options.recycle_log_file_num: 0
2019/01/09-02:42:44.937275 7fb0fa56e540                         Options.allow_fallocate: 1
2019/01/09-02:42:44.937276 7fb0fa56e540                        Options.allow_mmap_reads: 0
2019/01/09-02:42:44.937277 7fb0fa56e540                       Options.allow_mmap_writes: 0
2019/01/09-02:42:44.937278 7fb0fa56e540                        Options.use_direct_reads: 0
2019/01/09-02:42:44.937279 7fb0fa56e540                        Options.use_direct_io_for_flush_and_compaction: 0
2019/01/09-02:42:44.937280 7fb0fa56e540          Options.create_missing_column_families: 0
2019/01/09-02:42:44.937281 7fb0fa56e540                              Options.db_log_dir: 
2019/01/09-02:42:44.937283 7fb0fa56e540                                 Options.wal_dir: node3/chains/HealthPoints/db/a7e85d79f8107887/overlayrecent/db
2019/01/09-02:42:44.937284 7fb0fa56e540                Options.table_cache_numshardbits: 6
2019/01/09-02:42:44.937285 7fb0fa56e540                      Options.max_subcompactions: 1
2019/01/09-02:42:44.937286 7fb0fa56e540                  Options.max_background_flushes: -1
2019/01/09-02:42:44.937287 7fb0fa56e540                         Options.WAL_ttl_seconds: 0
2019/01/09-02:42:44.937288 7fb0fa56e540                       Options.WAL_size_limit_MB: 0
2019/01/09-02:42:44.937289 7fb0fa56e540             Options.manifest_preallocation_size: 4194304
2019/01/09-02:42:44.937290 7fb0fa56e540                     Options.is_fd_close_on_exec: 1
2019/01/09-02:42:44.937291 7fb0fa56e540                   Options.advise_random_on_open: 1
2019/01/09-02:42:44.937292 7fb0fa56e540                    Options.db_write_buffer_size: 8388608
2019/01/09-02:42:44.937293 7fb0fa56e540                    Options.write_buffer_manager: 0x7fb0f8680150
2019/01/09-02:42:44.937294 7fb0fa56e540         Options.access_hint_on_compaction_start: 1
2019/01/09-02:42:44.937295 7fb0fa56e540  Options.new_table_reader_for_compaction_inputs: 0
2019/01/09-02:42:44.937296 7fb0fa56e540           Options.random_access_max_buffer_size: 1048576
2019/01/09-02:42:44.937297 7fb0fa56e540                      Options.use_adaptive_mutex: 0
2019/01/09-02:42:44.937298 7fb0fa56e540                            Options.rate_limiter: (nil)
2019/01/09-02:42:44.937313 7fb0fa56e540     Options.sst_file_manager.rate_bytes_per_sec: 0
2019/01/09-02:42:44.937315 7fb0fa56e540                       Options.wal_recovery_mode: 2
2019/01/09-02:42:44.937316 7fb0fa56e540                  Options.enable_thread_tracking: 0
2019/01/09-02:42:44.937317 7fb0fa56e540                  Options.enable_pipelined_write: 0
2019/01/09-02:42:44.937318 7fb0fa56e540         Options.allow_concurrent_memtable_write: 1
2019/01/09-02:42:44.937319 7fb0fa56e540      Options.enable_write_thread_adaptive_yield: 1
2019/01/09-02:42:44.937320 7fb0fa56e540             Options.write_thread_max_yield_usec: 100
2019/01/09-02:42:44.937321 7fb0fa56e540            Options.write_thread_slow_yield_usec: 3
2019/01/09-02:42:44.937322 7fb0fa56e540                               Options.row_cache: None
2019/01/09-02:42:44.937323 7fb0fa56e540                              Options.wal_filter: None
2019/01/09-02:42:44.937324 7fb0fa56e540             Options.avoid_flush_during_recovery: 0
2019/01/09-02:42:44.937325 7fb0fa56e540             Options.allow_ingest_behind: 0
2019/01/09-02:42:44.937326 7fb0fa56e540             Options.preserve_deletes: 0
2019/01/09-02:42:44.937327 7fb0fa56e540             Options.two_write_queues: 0
2019/01/09-02:42:44.937328 7fb0fa56e540             Options.manual_wal_flush: 0
2019/01/09-02:42:44.937329 7fb0fa56e540             Options.max_background_jobs: 1
2019/01/09-02:42:44.937330 7fb0fa56e540             Options.max_background_compactions: -1
2019/01/09-02:42:44.937331 7fb0fa56e540             Options.avoid_flush_during_shutdown: 0
2019/01/09-02:42:44.937332 7fb0fa56e540           Options.writable_file_max_buffer_size: 1048576
2019/01/09-02:42:44.937334 7fb0fa56e540             Options.delayed_write_rate : 16777216
2019/01/09-02:42:44.937335 7fb0fa56e540             Options.max_total_wal_size: 0
2019/01/09-02:42:44.937336 7fb0fa56e540             Options.delete_obsolete_files_period_micros: 21600000000
2019/01/09-02:42:44.937337 7fb0fa56e540                   Options.stats_dump_period_sec: 600
2019/01/09-02:42:44.937338 7fb0fa56e540                          Options.max_open_files: 512
2019/01/09-02:42:44.937339 7fb0fa56e540                          Options.bytes_per_sync: 1048576
2019/01/09-02:42:44.937340 7fb0fa56e540                      Options.wal_bytes_per_sync: 0
2019/01/09-02:42:44.937341 7fb0fa56e540       Options.compaction_readahead_size: 0
2019/01/09-02:42:44.937342 7fb0fa56e540 Compression algorithms supported:
2019/01/09-02:42:44.937343 7fb0fa56e540 	kZSTDNotFinalCompression supported: 0
2019/01/09-02:42:44.937345 7fb0fa56e540 	kZSTD supported: 0
2019/01/09-02:42:44.937346 7fb0fa56e540 	kXpressCompression supported: 0
2019/01/09-02:42:44.937347 7fb0fa56e540 	kLZ4HCCompression supported: 0
2019/01/09-02:42:44.937348 7fb0fa56e540 	kLZ4Compression supported: 0
2019/01/09-02:42:44.937349 7fb0fa56e540 	kBZip2Compression supported: 0
2019/01/09-02:42:44.937350 7fb0fa56e540 	kZlibCompression supported: 0
2019/01/09-02:42:44.937351 7fb0fa56e540 	kSnappyCompression supported: 1
2019/01/09-02:42:44.937354 7fb0fa56e540 Fast CRC32 supported: Not supported on x86
2019/01/09-02:42:44.942524 7fb0fa56e540 [/home/aewalle/.cargo/registry/src/github.com-1ecc6299db9ec823/parity-rocksdb-sys-0.5.3/rocksdb/db/version_set.cc:3085] Recovering from manifest file: MANIFEST-000005
2019/01/09-02:42:44.942613 7fb0fa56e540 [/home/aewalle/.cargo/registry/src/github.com-1ecc6299db9ec823/parity-rocksdb-sys-0.5.3/rocksdb/db/column_family.cc:475] --------------- Options for column family [default]:
2019/01/09-02:42:44.942616 7fb0fa56e540               Options.comparator: leveldb.BytewiseComparator
2019/01/09-02:42:44.942618 7fb0fa56e540           Options.merge_operator: None
2019/01/09-02:42:44.942619 7fb0fa56e540        Options.compaction_filter: None
2019/01/09-02:42:44.942620 7fb0fa56e540        Options.compaction_filter_factory: None
2019/01/09-02:42:44.942621 7fb0fa56e540         Options.memtable_factory: SkipListFactory
2019/01/09-02:42:44.942622 7fb0fa56e540            Options.table_factory: BlockBasedTable
2019/01/09-02:42:44.942658 7fb0fa56e540            table_factory options:   flush_block_policy_factory: FlushBlockBySizePolicyFactory (0x7fb0f891f058)
  cache_index_and_filter_blocks: 0
  cache_index_and_filter_blocks_with_high_priority: 0
  pin_l0_filter_and_index_blocks_in_cache: 0
  index_type: 0
  hash_index_allow_collision: 1
  checksum: 1
  no_block_cache: 0
  block_cache: 0x7fb0f88b5aa0
  block_cache_name: LRUCache
  block_cache_options:
    capacity : 8388608
    num_shard_bits : 4
    strict_capacity_limit : 0
    high_pri_pool_ratio: 0.000
  block_cache_compressed: (nil)
  persistent_cache: (nil)
  block_size: 4096
  block_size_deviation: 10
  block_restart_interval: 16
  index_block_restart_interval: 1
  metadata_block_size: 4096
  partition_filters: 0
  use_delta_encoding: 1
  filter_policy: nullptr
  whole_key_filtering: 1
  verify_compression: 0
  read_amp_bytes_per_bit: 0
  format_version: 2
  enable_index_compression: 1
  block_align: 0
2019/01/09-02:42:44.942667 7fb0fa56e540        Options.write_buffer_size: 67108864
2019/01/09-02:42:44.942668 7fb0fa56e540  Options.max_write_buffer_number: 2
2019/01/09-02:42:44.942669 7fb0fa56e540          Options.compression: Snappy
2019/01/09-02:42:44.942670 7fb0fa56e540                  Options.bottommost_compression: Disabled
2019/01/09-02:42:44.942671 7fb0fa56e540       Options.prefix_extractor: nullptr
2019/01/09-02:42:44.942672 7fb0fa56e540   Options.memtable_insert_with_hint_prefix_extractor: nullptr
2019/01/09-02:42:44.942673 7fb0fa56e540             Options.num_levels: 7
2019/01/09-02:42:44.942674 7fb0fa56e540        Options.min_write_buffer_number_to_merge: 1
2019/01/09-02:42:44.942675 7fb0fa56e540     Options.max_write_buffer_number_to_maintain: 0
2019/01/09-02:42:44.942676 7fb0fa56e540            Options.compression_opts.window_bits: -14
2019/01/09-02:42:44.942677 7fb0fa56e540                  Options.compression_opts.level: -1
2019/01/09-02:42:44.942678 7fb0fa56e540               Options.compression_opts.strategy: 0
2019/01/09-02:42:44.942680 7fb0fa56e540         Options.compression_opts.max_dict_bytes: 0
2019/01/09-02:42:44.942681 7fb0fa56e540         Options.compression_opts.zstd_max_train_bytes: 0
2019/01/09-02:42:44.942682 7fb0fa56e540      Options.level0_file_num_compaction_trigger: 4
2019/01/09-02:42:44.942683 7fb0fa56e540          Options.level0_slowdown_writes_trigger: 20
2019/01/09-02:42:44.942684 7fb0fa56e540              Options.level0_stop_writes_trigger: 36
2019/01/09-02:42:44.942685 7fb0fa56e540                   Options.target_file_size_base: 67108864
2019/01/09-02:42:44.942686 7fb0fa56e540             Options.target_file_size_multiplier: 1
2019/01/09-02:42:44.942687 7fb0fa56e540                Options.max_bytes_for_level_base: 268435456
2019/01/09-02:42:44.942688 7fb0fa56e540 Options.level_compaction_dynamic_level_bytes: 0
2019/01/09-02:42:44.942689 7fb0fa56e540          Options.max_bytes_for_level_multiplier: 10.000000
2019/01/09-02:42:44.942691 7fb0fa56e540 Options.max_bytes_for_level_multiplier_addtl[0]: 1
2019/01/09-02:42:44.942692 7fb0fa56e540 Options.max_bytes_for_level_multiplier_addtl[1]: 1
2019/01/09-02:42:44.942693 7fb0fa56e540 Options.max_bytes_for_level_multiplier_addtl[2]: 1
2019/01/09-02:42:44.942695 7fb0fa56e540 Options.max_bytes_for_level_multiplier_addtl[3]: 1
2019/01/09-02:42:44.942696 7fb0fa56e540 Options.max_bytes_for_level_multiplier_addtl[4]: 1
2019/01/09-02:42:44.942697 7fb0fa56e540 Options.max_bytes_for_level_multiplier_addtl[5]: 1
2019/01/09-02:42:44.942698 7fb0fa56e540 Options.max_bytes_for_level_multiplier_addtl[6]: 1
2019/01/09-02:42:44.942699 7fb0fa56e540       Options.max_sequential_skip_in_iterations: 8
2019/01/09-02:42:44.942700 7fb0fa56e540                    Options.max_compaction_bytes: 1677721600
2019/01/09-02:42:44.942701 7fb0fa56e540                        Options.arena_block_size: 8388608
2019/01/09-02:42:44.942702 7fb0fa56e540   Options.soft_pending_compaction_bytes_limit: 68719476736
2019/01/09-02:42:44.942703 7fb0fa56e540   Options.hard_pending_compaction_bytes_limit: 274877906944
2019/01/09-02:42:44.942712 7fb0fa56e540       Options.rate_limit_delay_max_milliseconds: 100
2019/01/09-02:42:44.942714 7fb0fa56e540                Options.disable_auto_compactions: 0
2019/01/09-02:42:44.942715 7fb0fa56e540                        Options.compaction_style: kCompactionStyleLevel
2019/01/09-02:42:44.942717 7fb0fa56e540                          Options.compaction_pri: kByCompensatedSize
2019/01/09-02:42:44.942718 7fb0fa56e540 Options.compaction_options_universal.size_ratio: 1
2019/01/09-02:42:44.942719 7fb0fa56e540 Options.compaction_options_universal.min_merge_width: 2
2019/01/09-02:42:44.942720 7fb0fa56e540 Options.compaction_options_universal.max_merge_width: 4294967295
2019/01/09-02:42:44.942721 7fb0fa56e540 Options.compaction_options_universal.max_size_amplification_percent: 200
2019/01/09-02:42:44.942722 7fb0fa56e540 Options.compaction_options_universal.compression_size_percent: -1
2019/01/09-02:42:44.942723 7fb0fa56e540 Options.compaction_options_universal.stop_style: kCompactionStopStyleTotalSize
2019/01/09-02:42:44.942724 7fb0fa56e540 Options.compaction_options_fifo.max_table_files_size: 1073741824
2019/01/09-02:42:44.942725 7fb0fa56e540 Options.compaction_options_fifo.allow_compaction: 0
2019/01/09-02:42:44.942726 7fb0fa56e540 Options.compaction_options_fifo.ttl: 0
2019/01/09-02:42:44.942727 7fb0fa56e540                   Options.table_properties_collectors: 
2019/01/09-02:42:44.942728 7fb0fa56e540                   Options.inplace_update_support: 0
2019/01/09-02:42:44.942729 7fb0fa56e540                 Options.inplace_update_num_locks: 10000
2019/01/09-02:42:44.942730 7fb0fa56e540               Options.memtable_prefix_bloom_size_ratio: 0.000000
2019/01/09-02:42:44.942732 7fb0fa56e540   Options.memtable_huge_page_size: 0
2019/01/09-02:42:44.942733 7fb0fa56e540                           Options.bloom_locality: 0
2019/01/09-02:42:44.942734 7fb0fa56e540                    Options.max_successive_merges: 0
2019/01/09-02:42:44.942735 7fb0fa56e540                Options.optimize_filters_for_hits: 0
2019/01/09-02:42:44.942736 7fb0fa56e540                Options.paranoid_file_checks: 0
2019/01/09-02:42:44.942737 7fb0fa56e540                Options.force_consistency_checks: 0
2019/01/09-02:42:44.942738 7fb0fa56e540                Options.report_bg_io_stats: 0
2019/01/09-02:42:44.942739 7fb0fa56e540                               Options.ttl: 0
2019/01/09-02:42:44.942780 7fb0fa56e540 [/home/aewalle/.cargo/registry/src/github.com-1ecc6299db9ec823/parity-rocksdb-sys-0.5.3/rocksdb/db/column_family.cc:475] --------------- Options for column family [col0]:
2019/01/09-02:42:44.942783 7fb0fa56e540               Options.comparator: leveldb.BytewiseComparator
2019/01/09-02:42:44.942784 7fb0fa56e540           Options.merge_operator: None
2019/01/09-02:42:44.942785 7fb0fa56e540        Options.compaction_filter: None
2019/01/09-02:42:44.942786 7fb0fa56e540        Options.compaction_filter_factory: None
2019/01/09-02:42:44.942787 7fb0fa56e540         Options.memtable_factory: SkipListFactory
2019/01/09-02:42:44.942788 7fb0fa56e540            Options.table_factory: BlockBasedTable
2019/01/09-02:42:44.942800 7fb0fa56e540            table_factory options:   flush_block_policy_factory: FlushBlockBySizePolicyFactory (0x7fb0f891f220)
  cache_index_and_filter_blocks: 1
  cache_index_and_filter_blocks_with_high_priority: 0
  pin_l0_filter_and_index_blocks_in_cache: 1
  index_type: 0
  hash_index_allow_collision: 1
  checksum: 1
  no_block_cache: 0
  block_cache: 0x7fb0f88b5a40
  block_cache_name: LRUCache
  block_cache_options:
    capacity : 44739242
    num_shard_bits : 6
    strict_capacity_limit : 0
    high_pri_pool_ratio: 0.000
  block_cache_compressed: (nil)
  persistent_cache: (nil)
  block_size: 16384
  block_size_deviation: 10
  block_restart_interval: 16
  index_block_restart_interval: 1
  metadata_block_size: 4096
  partition_filters: 0
  use_delta_encoding: 1
  filter_policy: nullptr
  whole_key_filtering: 1
  verify_compression: 0
  read_amp_bytes_per_bit: 0
  format_version: 2
  enable_index_compression: 1
  block_align: 0
2019/01/09-02:42:44.942812 7fb0fa56e540        Options.write_buffer_size: 4194304
2019/01/09-02:42:44.942814 7fb0fa56e540  Options.max_write_buffer_number: 6
2019/01/09-02:42:44.942815 7fb0fa56e540          Options.compression: Snappy
2019/01/09-02:42:44.942816 7fb0fa56e540                  Options.bottommost_compression: Disabled
2019/01/09-02:42:44.942817 7fb0fa56e540       Options.prefix_extractor: nullptr
2019/01/09-02:42:44.942818 7fb0fa56e540   Options.memtable_insert_with_hint_prefix_extractor: nullptr
2019/01/09-02:42:44.942819 7fb0fa56e540             Options.num_levels: 7
2019/01/09-02:42:44.942820 7fb0fa56e540        Options.min_write_buffer_number_to_merge: 2
2019/01/09-02:42:44.942821 7fb0fa56e540     Options.max_write_buffer_number_to_maintain: 0
2019/01/09-02:42:44.942822 7fb0fa56e540            Options.compression_opts.window_bits: -14
2019/01/09-02:42:44.942823 7fb0fa56e540                  Options.compression_opts.level: -1
2019/01/09-02:42:44.942824 7fb0fa56e540               Options.compression_opts.strategy: 0
2019/01/09-02:42:44.942825 7fb0fa56e540         Options.compression_opts.max_dict_bytes: 0
2019/01/09-02:42:44.942826 7fb0fa56e540         Options.compression_opts.zstd_max_train_bytes: 0
2019/01/09-02:42:44.942827 7fb0fa56e540      Options.level0_file_num_compaction_trigger: 2
2019/01/09-02:42:44.942828 7fb0fa56e540          Options.level0_slowdown_writes_trigger: 20
2019/01/09-02:42:44.942829 7fb0fa56e540              Options.level0_stop_writes_trigger: 36
2019/01/09-02:42:44.942830 7fb0fa56e540                   Options.target_file_size_base: 67108864
2019/01/09-02:42:44.942831 7fb0fa56e540             Options.target_file_size_multiplier: 1
2019/01/09-02:42:44.942832 7fb0fa56e540                Options.max_bytes_for_level_base: 16777216
2019/01/09-02:42:44.942833 7fb0fa56e540 Options.level_compaction_dynamic_level_bytes: 1
2019/01/09-02:42:44.942834 7fb0fa56e540          Options.max_bytes_for_level_multiplier: 10.000000
2019/01/09-02:42:44.942836 7fb0fa56e540 Options.max_bytes_for_level_multiplier_addtl[0]: 1
2019/01/09-02:42:44.942837 7fb0fa56e540 Options.max_bytes_for_level_multiplier_addtl[1]: 1
2019/01/09-02:42:44.942838 7fb0fa56e540 Options.max_bytes_for_level_multiplier_addtl[2]: 1
2019/01/09-02:42:44.942839 7fb0fa56e540 Options.max_bytes_for_level_multiplier_addtl[3]: 1
2019/01/09-02:42:44.942840 7fb0fa56e540 Options.max_bytes_for_level_multiplier_addtl[4]: 1
2019/01/09-02:42:44.942841 7fb0fa56e540 Options.max_bytes_for_level_multiplier_addtl[5]: 1
2019/01/09-02:42:44.942842 7fb0fa56e540 Options.max_bytes_for_level_multiplier_addtl[6]: 1
2019/01/09-02:42:44.942843 7fb0fa56e540       Options.max_sequential_skip_in_iterations: 8
2019/01/09-02:42:44.942844 7fb0fa56e540                    Options.max_compaction_bytes: 1677721600
2019/01/09-02:42:44.942845 7fb0fa56e540                        Options.arena_block_size: 524288
2019/01/09-02:42:44.942846 7fb0fa56e540   Options.soft_pending_compaction_bytes_limit: 68719476736
2019/01/09-02:42:44.942847 7fb0fa56e540   Options.hard_pending_compaction_bytes_limit: 274877906944
2019/01/09-02:42:44.942848 7fb0fa56e540       Options.rate_limit_delay_max_milliseconds: 100
2019/01/09-02:42:44.942849 7fb0fa56e540                Options.disable_auto_compactions: 0
2019/01/09-02:42:44.942850 7fb0fa56e540                        Options.compaction_style: kCompactionStyleLevel
2019/01/09-02:42:44.942852 7fb0fa56e540                          Options.compaction_pri: kByCompensatedSize
2019/01/09-02:42:44.942853 7fb0fa56e540 Options.compaction_options_universal.size_ratio: 1
2019/01/09-02:42:44.942854 7fb0fa56e540 Options.compaction_options_universal.min_merge_width: 2
2019/01/09-02:42:44.942855 7fb0fa56e540 Options.compaction_options_universal.max_merge_width: 4294967295
2019/01/09-02:42:44.942856 7fb0fa56e540 Options.compaction_options_universal.max_size_amplification_percent: 200
2019/01/09-02:42:44.942857 7fb0fa56e540 Options.compaction_options_universal.compression_size_percent: -1
2019/01/09-02:42:44.942858 7fb0fa56e540 Options.compaction_options_universal.stop_style: kCompactionStopStyleTotalSize
2019/01/09-02:42:44.942865 7fb0fa56e540 Options.compaction_options_fifo.max_table_files_size: 1073741824
2019/01/09-02:42:44.942867 7fb0fa56e540 Options.compaction_options_fifo.allow_compaction: 0
2019/01/09-02:42:44.942868 7fb0fa56e540 Options.compaction_options_fifo.ttl: 0
2019/01/09-02:42:44.942869 7fb0fa56e540                   Options.table_properties_collectors: 
2019/01/09-02:42:44.942870 7fb0fa56e540                   Options.inplace_update_support: 0
2019/01/09-02:42:44.942871 7fb0fa56e540                 Options.inplace_update_num_locks: 10000
2019/01/09-02:42:44.942872 7fb0fa56e540               Options.memtable_prefix_bloom_size_ratio: 0.000000
2019/01/09-02:42:44.942873 7fb0fa56e540   Options.memtable_huge_page_size: 0
2019/01/09-02:42:44.942874 7fb0fa56e540                           Options.bloom_locality: 0
2019/01/09-02:42:44.942875 7fb0fa56e540                    Options.max_successive_merges: 0
2019/01/09-02:42:44.942876 7fb0fa56e540                Options.optimize_filters_for_hits: 0
2019/01/09-02:42:44.942877 7fb0fa56e540                Options.paranoid_file_checks: 0
2019/01/09-02:42:44.942878 7fb0fa56e540                Options.force_consistency_checks: 0
2019/01/09-02:42:44.942879 7fb0fa56e540                Options.report_bg_io_stats: 0
2019/01/09-02:42:44.942880 7fb0fa56e540                               Options.ttl: 0
2019/01/09-02:42:44.942901 7fb0fa56e540 [/home/aewalle/.cargo/registry/src/github.com-1ecc6299db9ec823/parity-rocksdb-sys-0.5.3/rocksdb/db/column_family.cc:475] --------------- Options for column family [col1]:
2019/01/09-02:42:44.942903 7fb0fa56e540               Options.comparator: leveldb.BytewiseComparator
2019/01/09-02:42:44.942904 7fb0fa56e540           Options.merge_operator: None
2019/01/09-02:42:44.942905 7fb0fa56e540        Options.compaction_filter: None
2019/01/09-02:42:44.942906 7fb0fa56e540        Options.compaction_filter_factory: None
2019/01/09-02:42:44.942907 7fb0fa56e540         Options.memtable_factory: SkipListFactory
2019/01/09-02:42:44.942908 7fb0fa56e540            Options.table_factory: BlockBasedTable
2019/01/09-02:42:44.942918 7fb0fa56e540            table_factory options:   flush_block_policy_factory: FlushBlockBySizePolicyFactory (0x7fb0f891f030)
  cache_index_and_filter_blocks: 1
  cache_index_and_filter_blocks_with_high_priority: 0
  pin_l0_filter_and_index_blocks_in_cache: 1
  index_type: 0
  hash_index_allow_collision: 1
  checksum: 1
  no_block_cache: 0
  block_cache: 0x7fb0f88b5a40
  block_cache_name: LRUCache
  block_cache_options:
    capacity : 44739242
    num_shard_bits : 6
    strict_capacity_limit : 0
    high_pri_pool_ratio: 0.000
  block_cache_compressed: (nil)
  persistent_cache: (nil)
  block_size: 16384
  block_size_deviation: 10
  block_restart_interval: 16
  index_block_restart_interval: 1
  metadata_block_size: 4096
  partition_filters: 0
  use_delta_encoding: 1
  filter_policy: nullptr
  whole_key_filtering: 1
  verify_compression: 0
  read_amp_bytes_per_bit: 0
  format_version: 2
  enable_index_compression: 1
  block_align: 0
2019/01/09-02:42:44.942919 7fb0fa56e540        Options.write_buffer_size: 4194304
2019/01/09-02:42:44.942921 7fb0fa56e540  Options.max_write_buffer_number: 6
2019/01/09-02:42:44.942922 7fb0fa56e540          Options.compression: Snappy
2019/01/09-02:42:44.942923 7fb0fa56e540                  Options.bottommost_compression: Disabled
2019/01/09-02:42:44.942924 7fb0fa56e540       Options.prefix_extractor: nullptr
2019/01/09-02:42:44.942925 7fb0fa56e540   Options.memtable_insert_with_hint_prefix_extractor: nullptr
2019/01/09-02:42:44.942926 7fb0fa56e540             Options.num_levels: 7
2019/01/09-02:42:44.942927 7fb0fa56e540        Options.min_write_buffer_number_to_merge: 2
2019/01/09-02:42:44.942928 7fb0fa56e540     Options.max_write_buffer_number_to_maintain: 0
2019/01/09-02:42:44.942929 7fb0fa56e540            Options.compression_opts.window_bits: -14
2019/01/09-02:42:44.942930 7fb0fa56e540                  Options.compression_opts.level: -1
2019/01/09-02:42:44.942940 7fb0fa56e540               Options.compression_opts.strategy: 0
2019/01/09-02:42:44.942941 7fb0fa56e540         Options.compression_opts.max_dict_bytes: 0
2019/01/09-02:42:44.942942 7fb0fa56e540         Options.compression_opts.zstd_max_train_bytes: 0
2019/01/09-02:42:44.942943 7fb0fa56e540      Options.level0_file_num_compaction_trigger: 2
2019/01/09-02:42:44.942944 7fb0fa56e540          Options.level0_slowdown_writes_trigger: 20
2019/01/09-02:42:44.942945 7fb0fa56e540              Options.level0_stop_writes_trigger: 36
2019/01/09-02:42:44.942946 7fb0fa56e540                   Options.target_file_size_base: 67108864
2019/01/09-02:42:44.942947 7fb0fa56e540             Options.target_file_size_multiplier: 1
2019/01/09-02:42:44.942948 7fb0fa56e540                Options.max_bytes_for_level_base: 16777216
2019/01/09-02:42:44.942949 7fb0fa56e540 Options.level_compaction_dynamic_level_bytes: 1
2019/01/09-02:42:44.942950 7fb0fa56e540          Options.max_bytes_for_level_multiplier: 10.000000
2019/01/09-02:42:44.942952 7fb0fa56e540 Options.max_bytes_for_level_multiplier_addtl[0]: 1
2019/01/09-02:42:44.942953 7fb0fa56e540 Options.max_bytes_for_level_multiplier_addtl[1]: 1
2019/01/09-02:42:44.942954 7fb0fa56e540 Options.max_bytes_for_level_multiplier_addtl[2]: 1
2019/01/09-02:42:44.942955 7fb0fa56e540 Options.max_bytes_for_level_multiplier_addtl[3]: 1
2019/01/09-02:42:44.942956 7fb0fa56e540 Options.max_bytes_for_level_multiplier_addtl[4]: 1
2019/01/09-02:42:44.942957 7fb0fa56e540 Options.max_bytes_for_level_multiplier_addtl[5]: 1
2019/01/09-02:42:44.942958 7fb0fa56e540 Options.max_bytes_for_level_multiplier_addtl[6]: 1
2019/01/09-02:42:44.942959 7fb0fa56e540       Options.max_sequential_skip_in_iterations: 8
2019/01/09-02:42:44.942960 7fb0fa56e540                    Options.max_compaction_bytes: 1677721600
2019/01/09-02:42:44.942961 7fb0fa56e540                        Options.arena_block_size: 524288
2019/01/09-02:42:44.942962 7fb0fa56e540   Options.soft_pending_compaction_bytes_limit: 68719476736
2019/01/09-02:42:44.942963 7fb0fa56e540   Options.hard_pending_compaction_bytes_limit: 274877906944
2019/01/09-02:42:44.942964 7fb0fa56e540       Options.rate_limit_delay_max_milliseconds: 100
2019/01/09-02:42:44.942965 7fb0fa56e540                Options.disable_auto_compactions: 0
2019/01/09-02:42:44.942967 7fb0fa56e540                        Options.compaction_style: kCompactionStyleLevel
2019/01/09-02:42:44.942968 7fb0fa56e540                          Options.compaction_pri: kByCompensatedSize
2019/01/09-02:42:44.942969 7fb0fa56e540 Options.compaction_options_universal.size_ratio: 1
2019/01/09-02:42:44.942970 7fb0fa56e540 Options.compaction_options_universal.min_merge_width: 2
2019/01/09-02:42:44.942971 7fb0fa56e540 Options.compaction_options_universal.max_merge_width: 4294967295
2019/01/09-02:42:44.942972 7fb0fa56e540 Options.compaction_options_universal.max_size_amplification_percent: 200
2019/01/09-02:42:44.942973 7fb0fa56e540 Options.compaction_options_universal.compression_size_percent: -1
2019/01/09-02:42:44.942974 7fb0fa56e540 Options.compaction_options_universal.stop_style: kCompactionStopStyleTotalSize
2019/01/09-02:42:44.942975 7fb0fa56e540 Options.compaction_options_fifo.max_table_files_size: 1073741824
2019/01/09-02:42:44.942976 7fb0fa56e540 Options.compaction_options_fifo.allow_compaction: 0
2019/01/09-02:42:44.942977 7fb0fa56e540 Options.compaction_options_fifo.ttl: 0
2019/01/09-02:42:44.942978 7fb0fa56e540                   Options.table_properties_collectors: 
2019/01/09-02:42:44.942979 7fb0fa56e540                   Options.inplace_update_support: 0
2019/01/09-02:42:44.942980 7fb0fa56e540                 Options.inplace_update_num_locks: 10000
2019/01/09-02:42:44.942981 7fb0fa56e540               Options.memtable_prefix_bloom_size_ratio: 0.000000
2019/01/09-02:42:44.942982 7fb0fa56e540   Options.memtable_huge_page_size: 0
2019/01/09-02:42:44.942983 7fb0fa56e540                           Options.bloom_locality: 0
2019/01/09-02:42:44.942984 7fb0fa56e540                    Options.max_successive_merges: 0
2019/01/09-02:42:44.942991 7fb0fa56e540                Options.optimize_filters_for_hits: 0
2019/01/09-02:42:44.942992 7fb0fa56e540                Options.paranoid_file_checks: 0
2019/01/09-02:42:44.942993 7fb0fa56e540                Options.force_consistency_checks: 0
2019/01/09-02:42:44.942994 7fb0fa56e540                Options.report_bg_io_stats: 0
2019/01/09-02:42:44.942995 7fb0fa56e540                               Options.ttl: 0
2019/01/09-02:42:44.943017 7fb0fa56e540 [/home/aewalle/.cargo/registry/src/github.com-1ecc6299db9ec823/parity-rocksdb-sys-0.5.3/rocksdb/db/column_family.cc:475] --------------- Options for column family [col2]:
2019/01/09-02:42:44.943019 7fb0fa56e540               Options.comparator: leveldb.BytewiseComparator
2019/01/09-02:42:44.943020 7fb0fa56e540           Options.merge_operator: None
2019/01/09-02:42:44.943021 7fb0fa56e540        Options.compaction_filter: None
2019/01/09-02:42:44.943022 7fb0fa56e540        Options.compaction_filter_factory: None
2019/01/09-02:42:44.943023 7fb0fa56e540         Options.memtable_factory: SkipListFactory
2019/01/09-02:42:44.943024 7fb0fa56e540            Options.table_factory: BlockBasedTable
2019/01/09-02:42:44.943033 7fb0fa56e540            table_factory options:   flush_block_policy_factory: FlushBlockBySizePolicyFactory (0x7fb0f891f270)
  cache_index_and_filter_blocks: 1
  cache_index_and_filter_blocks_with_high_priority: 0
  pin_l0_filter_and_index_blocks_in_cache: 1
  index_type: 0
  hash_index_allow_collision: 1
  checksum: 1
  no_block_cache: 0
  block_cache: 0x7fb0f88b5a40
  block_cache_name: LRUCache
  block_cache_options:
    capacity : 44739242
    num_shard_bits : 6
    strict_capacity_limit : 0
    high_pri_pool_ratio: 0.000
  block_cache_compressed: (nil)
  persistent_cache: (nil)
  block_size: 16384
  block_size_deviation: 10
  block_restart_interval: 16
  index_block_restart_interval: 1
  metadata_block_size: 4096
  partition_filters: 0
  use_delta_encoding: 1
  filter_policy: nullptr
  whole_key_filtering: 1
  verify_compression: 0
  read_amp_bytes_per_bit: 0
  format_version: 2
  enable_index_compression: 1
  block_align: 0
2019/01/09-02:42:44.943035 7fb0fa56e540        Options.write_buffer_size: 4194304
2019/01/09-02:42:44.943036 7fb0fa56e540  Options.max_write_buffer_number: 6
2019/01/09-02:42:44.943037 7fb0fa56e540          Options.compression: Snappy
2019/01/09-02:42:44.943038 7fb0fa56e540                  Options.bottommost_compression: Disabled
2019/01/09-02:42:44.943039 7fb0fa56e540       Options.prefix_extractor: nullptr
2019/01/09-02:42:44.943040 7fb0fa56e540   Options.memtable_insert_with_hint_prefix_extractor: nullptr
2019/01/09-02:42:44.943041 7fb0fa56e540             Options.num_levels: 7
2019/01/09-02:42:44.943042 7fb0fa56e540        Options.min_write_buffer_number_to_merge: 2
2019/01/09-02:42:44.943043 7fb0fa56e540     Options.max_write_buffer_number_to_maintain: 0
2019/01/09-02:42:44.943044 7fb0fa56e540            Options.compression_opts.window_bits: -14
2019/01/09-02:42:44.943045 7fb0fa56e540                  Options.compression_opts.level: -1
2019/01/09-02:42:44.943046 7fb0fa56e540               Options.compression_opts.strategy: 0
2019/01/09-02:42:44.943047 7fb0fa56e540         Options.compression_opts.max_dict_bytes: 0
2019/01/09-02:42:44.943048 7fb0fa56e540         Options.compression_opts.zstd_max_train_bytes: 0
2019/01/09-02:42:44.943049 7fb0fa56e540      Options.level0_file_num_compaction_trigger: 2
2019/01/09-02:42:44.943050 7fb0fa56e540          Options.level0_slowdown_writes_trigger: 20
2019/01/09-02:42:44.943051 7fb0fa56e540              Options.level0_stop_writes_trigger: 36
2019/01/09-02:42:44.943052 7fb0fa56e540                   Options.target_file_size_base: 67108864
2019/01/09-02:42:44.943053 7fb0fa56e540             Options.target_file_size_multiplier: 1
2019/01/09-02:42:44.943054 7fb0fa56e540                Options.max_bytes_for_level_base: 16777216
2019/01/09-02:42:44.943055 7fb0fa56e540 Options.level_compaction_dynamic_level_bytes: 1
2019/01/09-02:42:44.943056 7fb0fa56e540          Options.max_bytes_for_level_multiplier: 10.000000
2019/01/09-02:42:44.943067 7fb0fa56e540 Options.max_bytes_for_level_multiplier_addtl[0]: 1
2019/01/09-02:42:44.943069 7fb0fa56e540 Options.max_bytes_for_level_multiplier_addtl[1]: 1
2019/01/09-02:42:44.943070 7fb0fa56e540 Options.max_bytes_for_level_multiplier_addtl[2]: 1
2019/01/09-02:42:44.943071 7fb0fa56e540 Options.max_bytes_for_level_multiplier_addtl[3]: 1
2019/01/09-02:42:44.943072 7fb0fa56e540 Options.max_bytes_for_level_multiplier_addtl[4]: 1
2019/01/09-02:42:44.943073 7fb0fa56e540 Options.max_bytes_for_level_multiplier_addtl[5]: 1
2019/01/09-02:42:44.943074 7fb0fa56e540 Options.max_bytes_for_level_multiplier_addtl[6]: 1
2019/01/09-02:42:44.943075 7fb0fa56e540       Options.max_sequential_skip_in_iterations: 8
2019/01/09-02:42:44.943076 7fb0fa56e540                    Options.max_compaction_bytes: 1677721600
2019/01/09-02:42:44.943077 7fb0fa56e540                        Options.arena_block_size: 524288
2019/01/09-02:42:44.943078 7fb0fa56e540   Options.soft_pending_compaction_bytes_limit: 68719476736
2019/01/09-02:42:44.943079 7fb0fa56e540   Options.hard_pending_compaction_bytes_limit: 274877906944
2019/01/09-02:42:44.943080 7fb0fa56e540       Options.rate_limit_delay_max_milliseconds: 100
2019/01/09-02:42:44.943081 7fb0fa56e540                Options.disable_auto_compactions: 0
2019/01/09-02:42:44.943082 7fb0fa56e540                        Options.compaction_style: kCompactionStyleLevel
2019/01/09-02:42:44.943083 7fb0fa56e540                          Options.compaction_pri: kByCompensatedSize
2019/01/09-02:42:44.943084 7fb0fa56e540 Options.compaction_options_universal.size_ratio: 1
2019/01/09-02:42:44.943085 7fb0fa56e540 Options.compaction_options_universal.min_merge_width: 2
2019/01/09-02:42:44.943086 7fb0fa56e540 Options.compaction_options_universal.max_merge_width: 4294967295
2019/01/09-02:42:44.943087 7fb0fa56e540 Options.compaction_options_universal.max_size_amplification_percent: 200
2019/01/09-02:42:44.943088 7fb0fa56e540 Options.compaction_options_universal.compression_size_percent: -1
2019/01/09-02:42:44.943089 7fb0fa56e540 Options.compaction_options_universal.stop_style: kCompactionStopStyleTotalSize
2019/01/09-02:42:44.943090 7fb0fa56e540 Options.compaction_options_fifo.max_table_files_size: 1073741824
2019/01/09-02:42:44.943091 7fb0fa56e540 Options.compaction_options_fifo.allow_compaction: 0
2019/01/09-02:42:44.943092 7fb0fa56e540 Options.compaction_options_fifo.ttl: 0
2019/01/09-02:42:44.943093 7fb0fa56e540                   Options.table_properties_collectors: 
2019/01/09-02:42:44.943095 7fb0fa56e540                   Options.inplace_update_support: 0
2019/01/09-02:42:44.943095 7fb0fa56e540                 Options.inplace_update_num_locks: 10000
2019/01/09-02:42:44.943097 7fb0fa56e540               Options.memtable_prefix_bloom_size_ratio: 0.000000
2019/01/09-02:42:44.943098 7fb0fa56e540   Options.memtable_huge_page_size: 0
2019/01/09-02:42:44.943099 7fb0fa56e540                           Options.bloom_locality: 0
2019/01/09-02:42:44.943100 7fb0fa56e540                    Options.max_successive_merges: 0
2019/01/09-02:42:44.943101 7fb0fa56e540                Options.optimize_filters_for_hits: 0
2019/01/09-02:42:44.943102 7fb0fa56e540                Options.paranoid_file_checks: 0
2019/01/09-02:42:44.943103 7fb0fa56e540                Options.force_consistency_checks: 0
2019/01/09-02:42:44.943104 7fb0fa56e540                Options.report_bg_io_stats: 0
2019/01/09-02:42:44.943105 7fb0fa56e540                               Options.ttl: 0
2019/01/09-02:42:44.943126 7fb0fa56e540 [/home/aewalle/.cargo/registry/src/github.com-1ecc6299db9ec823/parity-rocksdb-sys-0.5.3/rocksdb/db/column_family.cc:475] --------------- Options for column family [col3]:
2019/01/09-02:42:44.943128 7fb0fa56e540               Options.comparator: leveldb.BytewiseComparator
2019/01/09-02:42:44.943129 7fb0fa56e540           Options.merge_operator: None
2019/01/09-02:42:44.943130 7fb0fa56e540        Options.compaction_filter: None
2019/01/09-02:42:44.943131 7fb0fa56e540        Options.compaction_filter_factory: None
2019/01/09-02:42:44.943140 7fb0fa56e540         Options.memtable_factory: SkipListFactory
2019/01/09-02:42:44.943142 7fb0fa56e540            Options.table_factory: BlockBasedTable
2019/01/09-02:42:44.943151 7fb0fa56e540            table_factory options:   flush_block_policy_factory: FlushBlockBySizePolicyFactory (0x7fb0f891f298)
  cache_index_and_filter_blocks: 1
  cache_index_and_filter_blocks_with_high_priority: 0
  pin_l0_filter_and_index_blocks_in_cache: 1
  index_type: 0
  hash_index_allow_collision: 1
  checksum: 1
  no_block_cache: 0
  block_cache: 0x7fb0f88b5a40
  block_cache_name: LRUCache
  block_cache_options:
    capacity : 44739242
    num_shard_bits : 6
    strict_capacity_limit : 0
    high_pri_pool_ratio: 0.000
  block_cache_compressed: (nil)
  persistent_cache: (nil)
  block_size: 16384
  block_size_deviation: 10
  block_restart_interval: 16
  index_block_restart_interval: 1
  metadata_block_size: 4096
  partition_filters: 0
  use_delta_encoding: 1
  filter_policy: nullptr
  whole_key_filtering: 1
  verify_compression: 0
  read_amp_bytes_per_bit: 0
  format_version: 2
  enable_index_compression: 1
  block_align: 0
2019/01/09-02:42:44.943153 7fb0fa56e540        Options.write_buffer_size: 4194304
2019/01/09-02:42:44.943154 7fb0fa56e540  Options.max_write_buffer_number: 6
2019/01/09-02:42:44.943155 7fb0fa56e540          Options.compression: Snappy
2019/01/09-02:42:44.943156 7fb0fa56e540                  Options.bottommost_compression: Disabled
2019/01/09-02:42:44.943157 7fb0fa56e540       Options.prefix_extractor: nullptr
2019/01/09-02:42:44.943158 7fb0fa56e540   Options.memtable_insert_with_hint_prefix_extractor: nullptr
2019/01/09-02:42:44.943159 7fb0fa56e540             Options.num_levels: 7
2019/01/09-02:42:44.943160 7fb0fa56e540        Options.min_write_buffer_number_to_merge: 2
2019/01/09-02:42:44.943161 7fb0fa56e540     Options.max_write_buffer_number_to_maintain: 0
2019/01/09-02:42:44.943162 7fb0fa56e540            Options.compression_opts.window_bits: -14
2019/01/09-02:42:44.943163 7fb0fa56e540                  Options.compression_opts.level: -1
2019/01/09-02:42:44.943164 7fb0fa56e540               Options.compression_opts.strategy: 0
2019/01/09-02:42:44.943165 7fb0fa56e540         Options.compression_opts.max_dict_bytes: 0
2019/01/09-02:42:44.943166 7fb0fa56e540         Options.compression_opts.zstd_max_train_bytes: 0
2019/01/09-02:42:44.943167 7fb0fa56e540      Options.level0_file_num_compaction_trigger: 2
2019/01/09-02:42:44.943168 7fb0fa56e540          Options.level0_slowdown_writes_trigger: 20
2019/01/09-02:42:44.943169 7fb0fa56e540              Options.level0_stop_writes_trigger: 36
2019/01/09-02:42:44.943170 7fb0fa56e540                   Options.target_file_size_base: 67108864
2019/01/09-02:42:44.943171 7fb0fa56e540             Options.target_file_size_multiplier: 1
2019/01/09-02:42:44.943172 7fb0fa56e540                Options.max_bytes_for_level_base: 16777216
