2019/01/09-02:42:44.930113 7f094eda2540 RocksDB version: 5.14.3
2019/01/09-02:42:44.930141 7f094eda2540 Git sha rocksdb_build_git_sha:@0@
2019/01/09-02:42:44.930144 7f094eda2540 Compile date Jan  7 2019
2019/01/09-02:42:44.930146 7f094eda2540 DB SUMMARY
2019/01/09-02:42:44.930174 7f094eda2540 CURRENT file:  CURRENT
2019/01/09-02:42:44.930176 7f094eda2540 IDENTITY file:  IDENTITY
2019/01/09-02:42:44.930180 7f094eda2540 MANIFEST file:  MANIFEST-000005 size: 467 Bytes
2019/01/09-02:42:44.930182 7f094eda2540 SST files in node0/chains/HealthPoints/db/a7e85d79f8107887/overlayrecent/db dir, Total Num: 0, files: 
2019/01/09-02:42:44.930183 7f094eda2540 Write Ahead Log file in node0/chains/HealthPoints/db/a7e85d79f8107887/overlayrecent/db: 000006.log size: 84908 ; 
2019/01/09-02:42:44.930185 7f094eda2540                         Options.error_if_exists: 0
2019/01/09-02:42:44.930186 7f094eda2540                       Options.create_if_missing: 1
2019/01/09-02:42:44.930187 7f094eda2540                         Options.paranoid_checks: 1
2019/01/09-02:42:44.930189 7f094eda2540                                     Options.env: 0x55aecfa0eee0
2019/01/09-02:42:44.930190 7f094eda2540                                Options.info_log: 0x7f094d04a870
2019/01/09-02:42:44.930191 7f094eda2540                Options.max_file_opening_threads: 16
2019/01/09-02:42:44.930192 7f094eda2540                              Options.statistics: (nil)
2019/01/09-02:42:44.930193 7f094eda2540                               Options.use_fsync: 0
2019/01/09-02:42:44.930194 7f094eda2540                       Options.max_log_file_size: 0
2019/01/09-02:42:44.930195 7f094eda2540                  Options.max_manifest_file_size: 18446744073709551615
2019/01/09-02:42:44.930197 7f094eda2540                   Options.log_file_time_to_roll: 0
2019/01/09-02:42:44.930198 7f094eda2540                       Options.keep_log_file_num: 1
2019/01/09-02:42:44.930199 7f094eda2540                    Options.recycle_log_file_num: 0
2019/01/09-02:42:44.930200 7f094eda2540                         Options.allow_fallocate: 1
2019/01/09-02:42:44.930201 7f094eda2540                        Options.allow_mmap_reads: 0
2019/01/09-02:42:44.930202 7f094eda2540                       Options.allow_mmap_writes: 0
2019/01/09-02:42:44.930203 7f094eda2540                        Options.use_direct_reads: 0
2019/01/09-02:42:44.930204 7f094eda2540                        Options.use_direct_io_for_flush_and_compaction: 0
2019/01/09-02:42:44.930205 7f094eda2540          Options.create_missing_column_families: 0
2019/01/09-02:42:44.930206 7f094eda2540                              Options.db_log_dir: 
2019/01/09-02:42:44.930207 7f094eda2540                                 Options.wal_dir: node0/chains/HealthPoints/db/a7e85d79f8107887/overlayrecent/db
2019/01/09-02:42:44.930208 7f094eda2540                Options.table_cache_numshardbits: 6
2019/01/09-02:42:44.930209 7f094eda2540                      Options.max_subcompactions: 1
2019/01/09-02:42:44.930210 7f094eda2540                  Options.max_background_flushes: -1
2019/01/09-02:42:44.930211 7f094eda2540                         Options.WAL_ttl_seconds: 0
2019/01/09-02:42:44.930212 7f094eda2540                       Options.WAL_size_limit_MB: 0
2019/01/09-02:42:44.930213 7f094eda2540             Options.manifest_preallocation_size: 4194304
2019/01/09-02:42:44.930215 7f094eda2540                     Options.is_fd_close_on_exec: 1
2019/01/09-02:42:44.930216 7f094eda2540                   Options.advise_random_on_open: 1
2019/01/09-02:42:44.930217 7f094eda2540                    Options.db_write_buffer_size: 8388608
2019/01/09-02:42:44.930218 7f094eda2540                    Options.write_buffer_manager: 0x7f094d080150
2019/01/09-02:42:44.930219 7f094eda2540         Options.access_hint_on_compaction_start: 1
2019/01/09-02:42:44.930220 7f094eda2540  Options.new_table_reader_for_compaction_inputs: 0
2019/01/09-02:42:44.930221 7f094eda2540           Options.random_access_max_buffer_size: 1048576
2019/01/09-02:42:44.930222 7f094eda2540                      Options.use_adaptive_mutex: 0
2019/01/09-02:42:44.930224 7f094eda2540                            Options.rate_limiter: (nil)
2019/01/09-02:42:44.930234 7f094eda2540     Options.sst_file_manager.rate_bytes_per_sec: 0
2019/01/09-02:42:44.930235 7f094eda2540                       Options.wal_recovery_mode: 2
2019/01/09-02:42:44.930236 7f094eda2540                  Options.enable_thread_tracking: 0
2019/01/09-02:42:44.930237 7f094eda2540                  Options.enable_pipelined_write: 0
2019/01/09-02:42:44.930238 7f094eda2540         Options.allow_concurrent_memtable_write: 1
2019/01/09-02:42:44.930239 7f094eda2540      Options.enable_write_thread_adaptive_yield: 1
2019/01/09-02:42:44.930240 7f094eda2540             Options.write_thread_max_yield_usec: 100
2019/01/09-02:42:44.930241 7f094eda2540            Options.write_thread_slow_yield_usec: 3
2019/01/09-02:42:44.930242 7f094eda2540                               Options.row_cache: None
2019/01/09-02:42:44.930243 7f094eda2540                              Options.wal_filter: None
2019/01/09-02:42:44.930245 7f094eda2540             Options.avoid_flush_during_recovery: 0
2019/01/09-02:42:44.930246 7f094eda2540             Options.allow_ingest_behind: 0
2019/01/09-02:42:44.930247 7f094eda2540             Options.preserve_deletes: 0
2019/01/09-02:42:44.930248 7f094eda2540             Options.two_write_queues: 0
2019/01/09-02:42:44.930249 7f094eda2540             Options.manual_wal_flush: 0
2019/01/09-02:42:44.930250 7f094eda2540             Options.max_background_jobs: 1
2019/01/09-02:42:44.930251 7f094eda2540             Options.max_background_compactions: -1
2019/01/09-02:42:44.930252 7f094eda2540             Options.avoid_flush_during_shutdown: 0
2019/01/09-02:42:44.930253 7f094eda2540           Options.writable_file_max_buffer_size: 1048576
2019/01/09-02:42:44.930254 7f094eda2540             Options.delayed_write_rate : 16777216
2019/01/09-02:42:44.930255 7f094eda2540             Options.max_total_wal_size: 0
2019/01/09-02:42:44.930256 7f094eda2540             Options.delete_obsolete_files_period_micros: 21600000000
2019/01/09-02:42:44.930257 7f094eda2540                   Options.stats_dump_period_sec: 600
2019/01/09-02:42:44.930258 7f094eda2540                          Options.max_open_files: 512
2019/01/09-02:42:44.930259 7f094eda2540                          Options.bytes_per_sync: 1048576
2019/01/09-02:42:44.930260 7f094eda2540                      Options.wal_bytes_per_sync: 0
2019/01/09-02:42:44.930262 7f094eda2540       Options.compaction_readahead_size: 0
2019/01/09-02:42:44.930263 7f094eda2540 Compression algorithms supported:
2019/01/09-02:42:44.930264 7f094eda2540 	kZSTDNotFinalCompression supported: 0
2019/01/09-02:42:44.930265 7f094eda2540 	kZSTD supported: 0
2019/01/09-02:42:44.930266 7f094eda2540 	kXpressCompression supported: 0
2019/01/09-02:42:44.930267 7f094eda2540 	kLZ4HCCompression supported: 0
2019/01/09-02:42:44.930269 7f094eda2540 	kLZ4Compression supported: 0
2019/01/09-02:42:44.930270 7f094eda2540 	kBZip2Compression supported: 0
2019/01/09-02:42:44.930271 7f094eda2540 	kZlibCompression supported: 0
2019/01/09-02:42:44.930272 7f094eda2540 	kSnappyCompression supported: 1
2019/01/09-02:42:44.930274 7f094eda2540 Fast CRC32 supported: Not supported on x86
2019/01/09-02:42:44.930484 7f094eda2540 [/home/aewalle/.cargo/registry/src/github.com-1ecc6299db9ec823/parity-rocksdb-sys-0.5.3/rocksdb/db/version_set.cc:3085] Recovering from manifest file: MANIFEST-000005
2019/01/09-02:42:44.930554 7f094eda2540 [/home/aewalle/.cargo/registry/src/github.com-1ecc6299db9ec823/parity-rocksdb-sys-0.5.3/rocksdb/db/column_family.cc:475] --------------- Options for column family [default]:
2019/01/09-02:42:44.930557 7f094eda2540               Options.comparator: leveldb.BytewiseComparator
2019/01/09-02:42:44.930558 7f094eda2540           Options.merge_operator: None
2019/01/09-02:42:44.930559 7f094eda2540        Options.compaction_filter: None
2019/01/09-02:42:44.930561 7f094eda2540        Options.compaction_filter_factory: None
2019/01/09-02:42:44.930562 7f094eda2540         Options.memtable_factory: SkipListFactory
2019/01/09-02:42:44.930563 7f094eda2540            Options.table_factory: BlockBasedTable
2019/01/09-02:42:44.930597 7f094eda2540            table_factory options:   flush_block_policy_factory: FlushBlockBySizePolicyFactory (0x7f094d31f068)
  cache_index_and_filter_blocks: 0
  cache_index_and_filter_blocks_with_high_priority: 0
  pin_l0_filter_and_index_blocks_in_cache: 0
  index_type: 0
  hash_index_allow_collision: 1
  checksum: 1
  no_block_cache: 0
  block_cache: 0x7f094d2b5aa0
  block_cache_name: LRUCache
  block_cache_options:
    capacity : 8388608
    num_shard_bits : 4
    strict_capacity_limit : 0
    high_pri_pool_ratio: 0.000
  block_cache_compressed: (nil)
  persistent_cache: (nil)
  block_size: 4096
  block_size_deviation: 10
  block_restart_interval: 16
  index_block_restart_interval: 1
  metadata_block_size: 4096
  partition_filters: 0
  use_delta_encoding: 1
  filter_policy: nullptr
  whole_key_filtering: 1
  verify_compression: 0
  read_amp_bytes_per_bit: 0
  format_version: 2
  enable_index_compression: 1
  block_align: 0
2019/01/09-02:42:44.930601 7f094eda2540        Options.write_buffer_size: 67108864
2019/01/09-02:42:44.930603 7f094eda2540  Options.max_write_buffer_number: 2
2019/01/09-02:42:44.930604 7f094eda2540          Options.compression: Snappy
2019/01/09-02:42:44.930605 7f094eda2540                  Options.bottommost_compression: Disabled
2019/01/09-02:42:44.930606 7f094eda2540       Options.prefix_extractor: nullptr
2019/01/09-02:42:44.930607 7f094eda2540   Options.memtable_insert_with_hint_prefix_extractor: nullptr
2019/01/09-02:42:44.930608 7f094eda2540             Options.num_levels: 7
2019/01/09-02:42:44.930609 7f094eda2540        Options.min_write_buffer_number_to_merge: 1
2019/01/09-02:42:44.930610 7f094eda2540     Options.max_write_buffer_number_to_maintain: 0
2019/01/09-02:42:44.930611 7f094eda2540            Options.compression_opts.window_bits: -14
2019/01/09-02:42:44.930612 7f094eda2540                  Options.compression_opts.level: -1
2019/01/09-02:42:44.930613 7f094eda2540               Options.compression_opts.strategy: 0
2019/01/09-02:42:44.930614 7f094eda2540         Options.compression_opts.max_dict_bytes: 0
2019/01/09-02:42:44.930615 7f094eda2540         Options.compression_opts.zstd_max_train_bytes: 0
2019/01/09-02:42:44.930616 7f094eda2540      Options.level0_file_num_compaction_trigger: 4
2019/01/09-02:42:44.930617 7f094eda2540          Options.level0_slowdown_writes_trigger: 20
2019/01/09-02:42:44.930618 7f094eda2540              Options.level0_stop_writes_trigger: 36
2019/01/09-02:42:44.930619 7f094eda2540                   Options.target_file_size_base: 67108864
2019/01/09-02:42:44.930621 7f094eda2540             Options.target_file_size_multiplier: 1
2019/01/09-02:42:44.930622 7f094eda2540                Options.max_bytes_for_level_base: 268435456
2019/01/09-02:42:44.930623 7f094eda2540 Options.level_compaction_dynamic_level_bytes: 0
2019/01/09-02:42:44.930624 7f094eda2540          Options.max_bytes_for_level_multiplier: 10.000000
2019/01/09-02:42:44.930626 7f094eda2540 Options.max_bytes_for_level_multiplier_addtl[0]: 1
2019/01/09-02:42:44.930628 7f094eda2540 Options.max_bytes_for_level_multiplier_addtl[1]: 1
2019/01/09-02:42:44.930629 7f094eda2540 Options.max_bytes_for_level_multiplier_addtl[2]: 1
2019/01/09-02:42:44.930630 7f094eda2540 Options.max_bytes_for_level_multiplier_addtl[3]: 1
2019/01/09-02:42:44.930631 7f094eda2540 Options.max_bytes_for_level_multiplier_addtl[4]: 1
2019/01/09-02:42:44.930632 7f094eda2540 Options.max_bytes_for_level_multiplier_addtl[5]: 1
2019/01/09-02:42:44.930633 7f094eda2540 Options.max_bytes_for_level_multiplier_addtl[6]: 1
2019/01/09-02:42:44.930634 7f094eda2540       Options.max_sequential_skip_in_iterations: 8
2019/01/09-02:42:44.930635 7f094eda2540                    Options.max_compaction_bytes: 1677721600
2019/01/09-02:42:44.930636 7f094eda2540                        Options.arena_block_size: 8388608
2019/01/09-02:42:44.930637 7f094eda2540   Options.soft_pending_compaction_bytes_limit: 68719476736
2019/01/09-02:42:44.930638 7f094eda2540   Options.hard_pending_compaction_bytes_limit: 274877906944
2019/01/09-02:42:44.930645 7f094eda2540       Options.rate_limit_delay_max_milliseconds: 100
2019/01/09-02:42:44.930647 7f094eda2540                Options.disable_auto_compactions: 0
2019/01/09-02:42:44.930648 7f094eda2540                        Options.compaction_style: kCompactionStyleLevel
2019/01/09-02:42:44.930659 7f094eda2540                          Options.compaction_pri: kByCompensatedSize
2019/01/09-02:42:44.930661 7f094eda2540 Options.compaction_options_universal.size_ratio: 1
2019/01/09-02:42:44.930662 7f094eda2540 Options.compaction_options_universal.min_merge_width: 2
2019/01/09-02:42:44.930663 7f094eda2540 Options.compaction_options_universal.max_merge_width: 4294967295
2019/01/09-02:42:44.930664 7f094eda2540 Options.compaction_options_universal.max_size_amplification_percent: 200
2019/01/09-02:42:44.930665 7f094eda2540 Options.compaction_options_universal.compression_size_percent: -1
2019/01/09-02:42:44.930666 7f094eda2540 Options.compaction_options_universal.stop_style: kCompactionStopStyleTotalSize
2019/01/09-02:42:44.930667 7f094eda2540 Options.compaction_options_fifo.max_table_files_size: 1073741824
2019/01/09-02:42:44.930668 7f094eda2540 Options.compaction_options_fifo.allow_compaction: 0
2019/01/09-02:42:44.930669 7f094eda2540 Options.compaction_options_fifo.ttl: 0
2019/01/09-02:42:44.930670 7f094eda2540                   Options.table_properties_collectors: 
2019/01/09-02:42:44.930671 7f094eda2540                   Options.inplace_update_support: 0
2019/01/09-02:42:44.930672 7f094eda2540                 Options.inplace_update_num_locks: 10000
2019/01/09-02:42:44.930674 7f094eda2540               Options.memtable_prefix_bloom_size_ratio: 0.000000
2019/01/09-02:42:44.930675 7f094eda2540   Options.memtable_huge_page_size: 0
2019/01/09-02:42:44.930676 7f094eda2540                           Options.bloom_locality: 0
2019/01/09-02:42:44.930677 7f094eda2540                    Options.max_successive_merges: 0
2019/01/09-02:42:44.930678 7f094eda2540                Options.optimize_filters_for_hits: 0
2019/01/09-02:42:44.930679 7f094eda2540                Options.paranoid_file_checks: 0
2019/01/09-02:42:44.930680 7f094eda2540                Options.force_consistency_checks: 0
2019/01/09-02:42:44.930681 7f094eda2540                Options.report_bg_io_stats: 0
2019/01/09-02:42:44.930682 7f094eda2540                               Options.ttl: 0
2019/01/09-02:42:44.930730 7f094eda2540 [/home/aewalle/.cargo/registry/src/github.com-1ecc6299db9ec823/parity-rocksdb-sys-0.5.3/rocksdb/db/column_family.cc:475] --------------- Options for column family [col0]:
2019/01/09-02:42:44.930732 7f094eda2540               Options.comparator: leveldb.BytewiseComparator
2019/01/09-02:42:44.930733 7f094eda2540           Options.merge_operator: None
2019/01/09-02:42:44.930734 7f094eda2540        Options.compaction_filter: None
2019/01/09-02:42:44.930736 7f094eda2540        Options.compaction_filter_factory: None
2019/01/09-02:42:44.930737 7f094eda2540         Options.memtable_factory: SkipListFactory
2019/01/09-02:42:44.930738 7f094eda2540            Options.table_factory: BlockBasedTable
2019/01/09-02:42:44.930750 7f094eda2540            table_factory options:   flush_block_policy_factory: FlushBlockBySizePolicyFactory (0x7f094d31f230)
  cache_index_and_filter_blocks: 1
  cache_index_and_filter_blocks_with_high_priority: 0
  pin_l0_filter_and_index_blocks_in_cache: 1
  index_type: 0
  hash_index_allow_collision: 1
  checksum: 1
  no_block_cache: 0
  block_cache: 0x7f094d2b5a40
  block_cache_name: LRUCache
  block_cache_options:
    capacity : 44739242
    num_shard_bits : 6
    strict_capacity_limit : 0
    high_pri_pool_ratio: 0.000
  block_cache_compressed: (nil)
  persistent_cache: (nil)
  block_size: 16384
  block_size_deviation: 10
  block_restart_interval: 16
  index_block_restart_interval: 1
  metadata_block_size: 4096
  partition_filters: 0
  use_delta_encoding: 1
  filter_policy: nullptr
  whole_key_filtering: 1
  verify_compression: 0
  read_amp_bytes_per_bit: 0
  format_version: 2
  enable_index_compression: 1
  block_align: 0
2019/01/09-02:42:44.930763 7f094eda2540        Options.write_buffer_size: 4194304
2019/01/09-02:42:44.930765 7f094eda2540  Options.max_write_buffer_number: 6
2019/01/09-02:42:44.930766 7f094eda2540          Options.compression: Snappy
2019/01/09-02:42:44.930767 7f094eda2540                  Options.bottommost_compression: Disabled
2019/01/09-02:42:44.930768 7f094eda2540       Options.prefix_extractor: nullptr
2019/01/09-02:42:44.930769 7f094eda2540   Options.memtable_insert_with_hint_prefix_extractor: nullptr
2019/01/09-02:42:44.930770 7f094eda2540             Options.num_levels: 7
2019/01/09-02:42:44.930771 7f094eda2540        Options.min_write_buffer_number_to_merge: 2
2019/01/09-02:42:44.930772 7f094eda2540     Options.max_write_buffer_number_to_maintain: 0
2019/01/09-02:42:44.930773 7f094eda2540            Options.compression_opts.window_bits: -14
2019/01/09-02:42:44.930774 7f094eda2540                  Options.compression_opts.level: -1
2019/01/09-02:42:44.930775 7f094eda2540               Options.compression_opts.strategy: 0
2019/01/09-02:42:44.930776 7f094eda2540         Options.compression_opts.max_dict_bytes: 0
2019/01/09-02:42:44.930777 7f094eda2540         Options.compression_opts.zstd_max_train_bytes: 0
2019/01/09-02:42:44.930778 7f094eda2540      Options.level0_file_num_compaction_trigger: 2
2019/01/09-02:42:44.930779 7f094eda2540          Options.level0_slowdown_writes_trigger: 20
2019/01/09-02:42:44.930780 7f094eda2540              Options.level0_stop_writes_trigger: 36
2019/01/09-02:42:44.930781 7f094eda2540                   Options.target_file_size_base: 67108864
2019/01/09-02:42:44.930782 7f094eda2540             Options.target_file_size_multiplier: 1
2019/01/09-02:42:44.930783 7f094eda2540                Options.max_bytes_for_level_base: 16777216
2019/01/09-02:42:44.930784 7f094eda2540 Options.level_compaction_dynamic_level_bytes: 1
2019/01/09-02:42:44.930785 7f094eda2540          Options.max_bytes_for_level_multiplier: 10.000000
2019/01/09-02:42:44.930787 7f094eda2540 Options.max_bytes_for_level_multiplier_addtl[0]: 1
2019/01/09-02:42:44.930788 7f094eda2540 Options.max_bytes_for_level_multiplier_addtl[1]: 1
2019/01/09-02:42:44.930789 7f094eda2540 Options.max_bytes_for_level_multiplier_addtl[2]: 1
2019/01/09-02:42:44.930790 7f094eda2540 Options.max_bytes_for_level_multiplier_addtl[3]: 1
2019/01/09-02:42:44.930791 7f094eda2540 Options.max_bytes_for_level_multiplier_addtl[4]: 1
2019/01/09-02:42:44.930792 7f094eda2540 Options.max_bytes_for_level_multiplier_addtl[5]: 1
2019/01/09-02:42:44.930793 7f094eda2540 Options.max_bytes_for_level_multiplier_addtl[6]: 1
2019/01/09-02:42:44.930794 7f094eda2540       Options.max_sequential_skip_in_iterations: 8
2019/01/09-02:42:44.930795 7f094eda2540                    Options.max_compaction_bytes: 1677721600
2019/01/09-02:42:44.930796 7f094eda2540                        Options.arena_block_size: 524288
2019/01/09-02:42:44.930797 7f094eda2540   Options.soft_pending_compaction_bytes_limit: 68719476736
2019/01/09-02:42:44.930798 7f094eda2540   Options.hard_pending_compaction_bytes_limit: 274877906944
2019/01/09-02:42:44.930800 7f094eda2540       Options.rate_limit_delay_max_milliseconds: 100
2019/01/09-02:42:44.930801 7f094eda2540                Options.disable_auto_compactions: 0
2019/01/09-02:42:44.930802 7f094eda2540                        Options.compaction_style: kCompactionStyleLevel
2019/01/09-02:42:44.930803 7f094eda2540                          Options.compaction_pri: kByCompensatedSize
2019/01/09-02:42:44.930804 7f094eda2540 Options.compaction_options_universal.size_ratio: 1
2019/01/09-02:42:44.930805 7f094eda2540 Options.compaction_options_universal.min_merge_width: 2
2019/01/09-02:42:44.930806 7f094eda2540 Options.compaction_options_universal.max_merge_width: 4294967295
2019/01/09-02:42:44.930807 7f094eda2540 Options.compaction_options_universal.max_size_amplification_percent: 200
2019/01/09-02:42:44.930808 7f094eda2540 Options.compaction_options_universal.compression_size_percent: -1
2019/01/09-02:42:44.930809 7f094eda2540 Options.compaction_options_universal.stop_style: kCompactionStopStyleTotalSize
2019/01/09-02:42:44.930815 7f094eda2540 Options.compaction_options_fifo.max_table_files_size: 1073741824
2019/01/09-02:42:44.930816 7f094eda2540 Options.compaction_options_fifo.allow_compaction: 0
2019/01/09-02:42:44.930817 7f094eda2540 Options.compaction_options_fifo.ttl: 0
2019/01/09-02:42:44.930818 7f094eda2540                   Options.table_properties_collectors: 
2019/01/09-02:42:44.930819 7f094eda2540                   Options.inplace_update_support: 0
2019/01/09-02:42:44.930820 7f094eda2540                 Options.inplace_update_num_locks: 10000
2019/01/09-02:42:44.930821 7f094eda2540               Options.memtable_prefix_bloom_size_ratio: 0.000000
2019/01/09-02:42:44.930823 7f094eda2540   Options.memtable_huge_page_size: 0
2019/01/09-02:42:44.930824 7f094eda2540                           Options.bloom_locality: 0
2019/01/09-02:42:44.930825 7f094eda2540                    Options.max_successive_merges: 0
2019/01/09-02:42:44.930826 7f094eda2540                Options.optimize_filters_for_hits: 0
2019/01/09-02:42:44.930827 7f094eda2540                Options.paranoid_file_checks: 0
2019/01/09-02:42:44.930828 7f094eda2540                Options.force_consistency_checks: 0
2019/01/09-02:42:44.930829 7f094eda2540                Options.report_bg_io_stats: 0
2019/01/09-02:42:44.930830 7f094eda2540                               Options.ttl: 0
2019/01/09-02:42:44.930851 7f094eda2540 [/home/aewalle/.cargo/registry/src/github.com-1ecc6299db9ec823/parity-rocksdb-sys-0.5.3/rocksdb/db/column_family.cc:475] --------------- Options for column family [col1]:
2019/01/09-02:42:44.930853 7f094eda2540               Options.comparator: leveldb.BytewiseComparator
2019/01/09-02:42:44.930854 7f094eda2540           Options.merge_operator: None
2019/01/09-02:42:44.930855 7f094eda2540        Options.compaction_filter: None
2019/01/09-02:42:44.930856 7f094eda2540        Options.compaction_filter_factory: None
2019/01/09-02:42:44.930857 7f094eda2540         Options.memtable_factory: SkipListFactory
2019/01/09-02:42:44.930858 7f094eda2540            Options.table_factory: BlockBasedTable
2019/01/09-02:42:44.930868 7f094eda2540            table_factory options:   flush_block_policy_factory: FlushBlockBySizePolicyFactory (0x7f094d31f020)
  cache_index_and_filter_blocks: 1
  cache_index_and_filter_blocks_with_high_priority: 0
  pin_l0_filter_and_index_blocks_in_cache: 1
  index_type: 0
  hash_index_allow_collision: 1
  checksum: 1
  no_block_cache: 0
  block_cache: 0x7f094d2b5a40
  block_cache_name: LRUCache
  block_cache_options:
    capacity : 44739242
    num_shard_bits : 6
    strict_capacity_limit : 0
    high_pri_pool_ratio: 0.000
  block_cache_compressed: (nil)
  persistent_cache: (nil)
  block_size: 16384
  block_size_deviation: 10
  block_restart_interval: 16
  index_block_restart_interval: 1
  metadata_block_size: 4096
  partition_filters: 0
  use_delta_encoding: 1
  filter_policy: nullptr
  whole_key_filtering: 1
  verify_compression: 0
  read_amp_bytes_per_bit: 0
  format_version: 2
  enable_index_compression: 1
  block_align: 0
2019/01/09-02:42:44.930869 7f094eda2540        Options.write_buffer_size: 4194304
2019/01/09-02:42:44.930870 7f094eda2540  Options.max_write_buffer_number: 6
2019/01/09-02:42:44.930871 7f094eda2540          Options.compression: Snappy
2019/01/09-02:42:44.930872 7f094eda2540                  Options.bottommost_compression: Disabled
2019/01/09-02:42:44.930873 7f094eda2540       Options.prefix_extractor: nullptr
2019/01/09-02:42:44.930874 7f094eda2540   Options.memtable_insert_with_hint_prefix_extractor: nullptr
2019/01/09-02:42:44.930875 7f094eda2540             Options.num_levels: 7
2019/01/09-02:42:44.930876 7f094eda2540        Options.min_write_buffer_number_to_merge: 2
2019/01/09-02:42:44.930877 7f094eda2540     Options.max_write_buffer_number_to_maintain: 0
2019/01/09-02:42:44.930878 7f094eda2540            Options.compression_opts.window_bits: -14
2019/01/09-02:42:44.930879 7f094eda2540                  Options.compression_opts.level: -1
2019/01/09-02:42:44.930887 7f094eda2540               Options.compression_opts.strategy: 0
2019/01/09-02:42:44.930888 7f094eda2540         Options.compression_opts.max_dict_bytes: 0
2019/01/09-02:42:44.930889 7f094eda2540         Options.compression_opts.zstd_max_train_bytes: 0
2019/01/09-02:42:44.930890 7f094eda2540      Options.level0_file_num_compaction_trigger: 2
2019/01/09-02:42:44.930891 7f094eda2540          Options.level0_slowdown_writes_trigger: 20
2019/01/09-02:42:44.930892 7f094eda2540              Options.level0_stop_writes_trigger: 36
2019/01/09-02:42:44.930893 7f094eda2540                   Options.target_file_size_base: 67108864
2019/01/09-02:42:44.930894 7f094eda2540             Options.target_file_size_multiplier: 1
2019/01/09-02:42:44.930895 7f094eda2540                Options.max_bytes_for_level_base: 16777216
2019/01/09-02:42:44.930896 7f094eda2540 Options.level_compaction_dynamic_level_bytes: 1
2019/01/09-02:42:44.930897 7f094eda2540          Options.max_bytes_for_level_multiplier: 10.000000
2019/01/09-02:42:44.930899 7f094eda2540 Options.max_bytes_for_level_multiplier_addtl[0]: 1
2019/01/09-02:42:44.930900 7f094eda2540 Options.max_bytes_for_level_multiplier_addtl[1]: 1
2019/01/09-02:42:44.930901 7f094eda2540 Options.max_bytes_for_level_multiplier_addtl[2]: 1
2019/01/09-02:42:44.930902 7f094eda2540 Options.max_bytes_for_level_multiplier_addtl[3]: 1
2019/01/09-02:42:44.930903 7f094eda2540 Options.max_bytes_for_level_multiplier_addtl[4]: 1
2019/01/09-02:42:44.930904 7f094eda2540 Options.max_bytes_for_level_multiplier_addtl[5]: 1
2019/01/09-02:42:44.930905 7f094eda2540 Options.max_bytes_for_level_multiplier_addtl[6]: 1
2019/01/09-02:42:44.930906 7f094eda2540       Options.max_sequential_skip_in_iterations: 8
2019/01/09-02:42:44.930907 7f094eda2540                    Options.max_compaction_bytes: 1677721600
2019/01/09-02:42:44.930908 7f094eda2540                        Options.arena_block_size: 524288
2019/01/09-02:42:44.930909 7f094eda2540   Options.soft_pending_compaction_bytes_limit: 68719476736
2019/01/09-02:42:44.930910 7f094eda2540   Options.hard_pending_compaction_bytes_limit: 274877906944
2019/01/09-02:42:44.930911 7f094eda2540       Options.rate_limit_delay_max_milliseconds: 100
2019/01/09-02:42:44.930912 7f094eda2540                Options.disable_auto_compactions: 0
2019/01/09-02:42:44.930914 7f094eda2540                        Options.compaction_style: kCompactionStyleLevel
2019/01/09-02:42:44.930915 7f094eda2540                          Options.compaction_pri: kByCompensatedSize
2019/01/09-02:42:44.930916 7f094eda2540 Options.compaction_options_universal.size_ratio: 1
2019/01/09-02:42:44.930917 7f094eda2540 Options.compaction_options_universal.min_merge_width: 2
2019/01/09-02:42:44.930918 7f094eda2540 Options.compaction_options_universal.max_merge_width: 4294967295
2019/01/09-02:42:44.930919 7f094eda2540 Options.compaction_options_universal.max_size_amplification_percent: 200
2019/01/09-02:42:44.930920 7f094eda2540 Options.compaction_options_universal.compression_size_percent: -1
2019/01/09-02:42:44.930921 7f094eda2540 Options.compaction_options_universal.stop_style: kCompactionStopStyleTotalSize
2019/01/09-02:42:44.930922 7f094eda2540 Options.compaction_options_fifo.max_table_files_size: 1073741824
2019/01/09-02:42:44.930923 7f094eda2540 Options.compaction_options_fifo.allow_compaction: 0
2019/01/09-02:42:44.930924 7f094eda2540 Options.compaction_options_fifo.ttl: 0
2019/01/09-02:42:44.930925 7f094eda2540                   Options.table_properties_collectors: 
2019/01/09-02:42:44.930926 7f094eda2540                   Options.inplace_update_support: 0
2019/01/09-02:42:44.930927 7f094eda2540                 Options.inplace_update_num_locks: 10000
2019/01/09-02:42:44.930928 7f094eda2540               Options.memtable_prefix_bloom_size_ratio: 0.000000
2019/01/09-02:42:44.930929 7f094eda2540   Options.memtable_huge_page_size: 0
2019/01/09-02:42:44.930930 7f094eda2540                           Options.bloom_locality: 0
2019/01/09-02:42:44.930931 7f094eda2540                    Options.max_successive_merges: 0
2019/01/09-02:42:44.930937 7f094eda2540                Options.optimize_filters_for_hits: 0
2019/01/09-02:42:44.930938 7f094eda2540                Options.paranoid_file_checks: 0
2019/01/09-02:42:44.930939 7f094eda2540                Options.force_consistency_checks: 0
2019/01/09-02:42:44.930940 7f094eda2540                Options.report_bg_io_stats: 0
2019/01/09-02:42:44.930941 7f094eda2540                               Options.ttl: 0
2019/01/09-02:42:44.930960 7f094eda2540 [/home/aewalle/.cargo/registry/src/github.com-1ecc6299db9ec823/parity-rocksdb-sys-0.5.3/rocksdb/db/column_family.cc:475] --------------- Options for column family [col2]:
2019/01/09-02:42:44.930962 7f094eda2540               Options.comparator: leveldb.BytewiseComparator
2019/01/09-02:42:44.930963 7f094eda2540           Options.merge_operator: None
2019/01/09-02:42:44.930964 7f094eda2540        Options.compaction_filter: None
2019/01/09-02:42:44.930965 7f094eda2540        Options.compaction_filter_factory: None
2019/01/09-02:42:44.930966 7f094eda2540         Options.memtable_factory: SkipListFactory
2019/01/09-02:42:44.930967 7f094eda2540            Options.table_factory: BlockBasedTable
2019/01/09-02:42:44.930976 7f094eda2540            table_factory options:   flush_block_policy_factory: FlushBlockBySizePolicyFactory (0x7f094d31f278)
  cache_index_and_filter_blocks: 1
  cache_index_and_filter_blocks_with_high_priority: 0
  pin_l0_filter_and_index_blocks_in_cache: 1
  index_type: 0
  hash_index_allow_collision: 1
  checksum: 1
  no_block_cache: 0
  block_cache: 0x7f094d2b5a40
  block_cache_name: LRUCache
  block_cache_options:
    capacity : 44739242
    num_shard_bits : 6
    strict_capacity_limit : 0
    high_pri_pool_ratio: 0.000
  block_cache_compressed: (nil)
  persistent_cache: (nil)
  block_size: 16384
  block_size_deviation: 10
  block_restart_interval: 16
  index_block_restart_interval: 1
  metadata_block_size: 4096
  partition_filters: 0
  use_delta_encoding: 1
  filter_policy: nullptr
  whole_key_filtering: 1
  verify_compression: 0
  read_amp_bytes_per_bit: 0
  format_version: 2
  enable_index_compression: 1
  block_align: 0
2019/01/09-02:42:44.930978 7f094eda2540        Options.write_buffer_size: 4194304
2019/01/09-02:42:44.930979 7f094eda2540  Options.max_write_buffer_number: 6
2019/01/09-02:42:44.930980 7f094eda2540          Options.compression: Snappy
2019/01/09-02:42:44.930981 7f094eda2540                  Options.bottommost_compression: Disabled
2019/01/09-02:42:44.930982 7f094eda2540       Options.prefix_extractor: nullptr
2019/01/09-02:42:44.930983 7f094eda2540   Options.memtable_insert_with_hint_prefix_extractor: nullptr
2019/01/09-02:42:44.930984 7f094eda2540             Options.num_levels: 7
2019/01/09-02:42:44.930985 7f094eda2540        Options.min_write_buffer_number_to_merge: 2
2019/01/09-02:42:44.930986 7f094eda2540     Options.max_write_buffer_number_to_maintain: 0
2019/01/09-02:42:44.930987 7f094eda2540            Options.compression_opts.window_bits: -14
2019/01/09-02:42:44.930988 7f094eda2540                  Options.compression_opts.level: -1
2019/01/09-02:42:44.930989 7f094eda2540               Options.compression_opts.strategy: 0
2019/01/09-02:42:44.930990 7f094eda2540         Options.compression_opts.max_dict_bytes: 0
2019/01/09-02:42:44.930991 7f094eda2540         Options.compression_opts.zstd_max_train_bytes: 0
2019/01/09-02:42:44.930992 7f094eda2540      Options.level0_file_num_compaction_trigger: 2
2019/01/09-02:42:44.930993 7f094eda2540          Options.level0_slowdown_writes_trigger: 20
2019/01/09-02:42:44.930994 7f094eda2540              Options.level0_stop_writes_trigger: 36
2019/01/09-02:42:44.930995 7f094eda2540                   Options.target_file_size_base: 67108864
2019/01/09-02:42:44.930996 7f094eda2540             Options.target_file_size_multiplier: 1
2019/01/09-02:42:44.930997 7f094eda2540                Options.max_bytes_for_level_base: 16777216
2019/01/09-02:42:44.930998 7f094eda2540 Options.level_compaction_dynamic_level_bytes: 1
2019/01/09-02:42:44.930999 7f094eda2540          Options.max_bytes_for_level_multiplier: 10.000000
2019/01/09-02:42:44.931007 7f094eda2540 Options.max_bytes_for_level_multiplier_addtl[0]: 1
2019/01/09-02:42:44.931009 7f094eda2540 Options.max_bytes_for_level_multiplier_addtl[1]: 1
2019/01/09-02:42:44.931010 7f094eda2540 Options.max_bytes_for_level_multiplier_addtl[2]: 1
2019/01/09-02:42:44.931011 7f094eda2540 Options.max_bytes_for_level_multiplier_addtl[3]: 1
2019/01/09-02:42:44.931012 7f094eda2540 Options.max_bytes_for_level_multiplier_addtl[4]: 1
2019/01/09-02:42:44.931013 7f094eda2540 Options.max_bytes_for_level_multiplier_addtl[5]: 1
2019/01/09-02:42:44.931014 7f094eda2540 Options.max_bytes_for_level_multiplier_addtl[6]: 1
2019/01/09-02:42:44.931015 7f094eda2540       Options.max_sequential_skip_in_iterations: 8
2019/01/09-02:42:44.931016 7f094eda2540                    Options.max_compaction_bytes: 1677721600
2019/01/09-02:42:44.931017 7f094eda2540                        Options.arena_block_size: 524288
2019/01/09-02:42:44.931018 7f094eda2540   Options.soft_pending_compaction_bytes_limit: 68719476736
2019/01/09-02:42:44.931019 7f094eda2540   Options.hard_pending_compaction_bytes_limit: 274877906944
2019/01/09-02:42:44.931020 7f094eda2540       Options.rate_limit_delay_max_milliseconds: 100
2019/01/09-02:42:44.931021 7f094eda2540                Options.disable_auto_compactions: 0
2019/01/09-02:42:44.931022 7f094eda2540                        Options.compaction_style: kCompactionStyleLevel
2019/01/09-02:42:44.931023 7f094eda2540                          Options.compaction_pri: kByCompensatedSize
2019/01/09-02:42:44.931024 7f094eda2540 Options.compaction_options_universal.size_ratio: 1
2019/01/09-02:42:44.931025 7f094eda2540 Options.compaction_options_universal.min_merge_width: 2
2019/01/09-02:42:44.931026 7f094eda2540 Options.compaction_options_universal.max_merge_width: 4294967295
2019/01/09-02:42:44.931027 7f094eda2540 Options.compaction_options_universal.max_size_amplification_percent: 200
2019/01/09-02:42:44.931028 7f094eda2540 Options.compaction_options_universal.compression_size_percent: -1
2019/01/09-02:42:44.931029 7f094eda2540 Options.compaction_options_universal.stop_style: kCompactionStopStyleTotalSize
2019/01/09-02:42:44.931030 7f094eda2540 Options.compaction_options_fifo.max_table_files_size: 1073741824
2019/01/09-02:42:44.931031 7f094eda2540 Options.compaction_options_fifo.allow_compaction: 0
2019/01/09-02:42:44.931032 7f094eda2540 Options.compaction_options_fifo.ttl: 0
2019/01/09-02:42:44.931033 7f094eda2540                   Options.table_properties_collectors: 
2019/01/09-02:42:44.931034 7f094eda2540                   Options.inplace_update_support: 0
2019/01/09-02:42:44.931040 7f094eda2540                 Options.inplace_update_num_locks: 10000
2019/01/09-02:42:44.931041 7f094eda2540               Options.memtable_prefix_bloom_size_ratio: 0.000000
2019/01/09-02:42:44.931042 7f094eda2540   Options.memtable_huge_page_size: 0
2019/01/09-02:42:44.931043 7f094eda2540                           Options.bloom_locality: 0
2019/01/09-02:42:44.931044 7f094eda2540                    Options.max_successive_merges: 0
2019/01/09-02:42:44.931045 7f094eda2540                Options.optimize_filters_for_hits: 0
2019/01/09-02:42:44.931046 7f094eda2540                Options.paranoid_file_checks: 0
2019/01/09-02:42:44.931047 7f094eda2540                Options.force_consistency_checks: 0
2019/01/09-02:42:44.931048 7f094eda2540                Options.report_bg_io_stats: 0
2019/01/09-02:42:44.931049 7f094eda2540                               Options.ttl: 0
2019/01/09-02:42:44.931065 7f094eda2540 [/home/aewalle/.cargo/registry/src/github.com-1ecc6299db9ec823/parity-rocksdb-sys-0.5.3/rocksdb/db/column_family.cc:475] --------------- Options for column family [col3]:
2019/01/09-02:42:44.931067 7f094eda2540               Options.comparator: leveldb.BytewiseComparator
2019/01/09-02:42:44.931068 7f094eda2540           Options.merge_operator: None
2019/01/09-02:42:44.931069 7f094eda2540        Options.compaction_filter: None
2019/01/09-02:42:44.931070 7f094eda2540        Options.compaction_filter_factory: None
2019/01/09-02:42:44.931078 7f094eda2540         Options.memtable_factory: SkipListFactory
2019/01/09-02:42:44.931079 7f094eda2540            Options.table_factory: BlockBasedTable
2019/01/09-02:42:44.931090 7f094eda2540            table_factory options:   flush_block_policy_factory: FlushBlockBySizePolicyFactory (0x7f094d31f2a0)
  cache_index_and_filter_blocks: 1
  cache_index_and_filter_blocks_with_high_priority: 0
  pin_l0_filter_and_index_blocks_in_cache: 1
  index_type: 0
  hash_index_allow_collision: 1
  checksum: 1
  no_block_cache: 0
  block_cache: 0x7f094d2b5a40
  block_cache_name: LRUCache
  block_cache_options:
    capacity : 44739242
    num_shard_bits : 6
    strict_capacity_limit : 0
    high_pri_pool_ratio: 0.000
  block_cache_compressed: (nil)
  persistent_cache: (nil)
  block_size: 16384
  block_size_deviation: 10
  block_restart_interval: 16
  index_block_restart_interval: 1
  metadata_block_size: 4096
  partition_filters: 0
  use_delta_encoding: 1
  filter_policy: nullptr
  whole_key_filtering: 1
  verify_compression: 0
  read_amp_bytes_per_bit: 0
  format_version: 2
  enable_index_compression: 1
  block_align: 0
2019/01/09-02:42:44.931091 7f094eda2540        Options.write_buffer_size: 4194304
2019/01/09-02:42:44.931092 7f094eda2540  Options.max_write_buffer_number: 6
2019/01/09-02:42:44.931093 7f094eda2540          Options.compression: Snappy
2019/01/09-02:42:44.931094 7f094eda2540                  Options.bottommost_compression: Disabled
2019/01/09-02:42:44.931095 7f094eda2540       Options.prefix_extractor: nullptr
2019/01/09-02:42:44.931096 7f094eda2540   Options.memtable_insert_with_hint_prefix_extractor: nullptr
2019/01/09-02:42:44.931097 7f094eda2540             Options.num_levels: 7
2019/01/09-02:42:44.931098 7f094eda2540        Options.min_write_buffer_number_to_merge: 2
2019/01/09-02:42:44.931099 7f094eda2540     Options.max_write_buffer_number_to_maintain: 0
2019/01/09-02:42:44.931100 7f094eda2540            Options.compression_opts.window_bits: -14
2019/01/09-02:42:44.931101 7f094eda2540                  Options.compression_opts.level: -1
2019/01/09-02:42:44.931102 7f094eda2540               Options.compression_opts.strategy: 0
2019/01/09-02:42:44.931103 7f094eda2540         Options.compression_opts.max_dict_bytes: 0
2019/01/09-02:42:44.931104 7f094eda2540         Options.compression_opts.zstd_max_train_bytes: 0
2019/01/09-02:42:44.931105 7f094eda2540      Options.level0_file_num_compaction_trigger: 2
2019/01/09-02:42:44.931106 7f094eda2540          Options.level0_slowdown_writes_trigger: 20
2019/01/09-02:42:44.931107 7f094eda2540              Options.level0_stop_writes_trigger: 36
2019/01/09-02:42:44.931108 7f094eda2540                   Options.target_file_size_base: 67108864
2019/01/09-02:42:44.931109 7f094eda2540             Options.target_file_size_multiplier: 1
2019/01/09-02:42:44.931110 7f094eda2540                Options.max_bytes_for_level_base: 16777216
