2019/01/09-02:42:44.956946 7fd2e6828540 RocksDB version: 5.14.3
2019/01/09-02:42:44.956970 7fd2e6828540 Git sha rocksdb_build_git_sha:@0@
2019/01/09-02:42:44.956974 7fd2e6828540 Compile date Jan  7 2019
2019/01/09-02:42:44.956975 7fd2e6828540 DB SUMMARY
2019/01/09-02:42:44.957005 7fd2e6828540 CURRENT file:  CURRENT
2019/01/09-02:42:44.957007 7fd2e6828540 IDENTITY file:  IDENTITY
2019/01/09-02:42:44.957011 7fd2e6828540 MANIFEST file:  MANIFEST-000005 size: 467 Bytes
2019/01/09-02:42:44.957013 7fd2e6828540 SST files in node1/chains/HealthPoints/db/a7e85d79f8107887/overlayrecent/db dir, Total Num: 0, files: 
2019/01/09-02:42:44.957015 7fd2e6828540 Write Ahead Log file in node1/chains/HealthPoints/db/a7e85d79f8107887/overlayrecent/db: 000006.log size: 78598 ; 
2019/01/09-02:42:44.957016 7fd2e6828540                         Options.error_if_exists: 0
2019/01/09-02:42:44.957018 7fd2e6828540                       Options.create_if_missing: 1
2019/01/09-02:42:44.957019 7fd2e6828540                         Options.paranoid_checks: 1
2019/01/09-02:42:44.957020 7fd2e6828540                                     Options.env: 0x55826a12dee0
2019/01/09-02:42:44.957021 7fd2e6828540                                Options.info_log: 0x7fd2e4a4a870
2019/01/09-02:42:44.957022 7fd2e6828540                Options.max_file_opening_threads: 16
2019/01/09-02:42:44.957023 7fd2e6828540                              Options.statistics: (nil)
2019/01/09-02:42:44.957025 7fd2e6828540                               Options.use_fsync: 0
2019/01/09-02:42:44.957026 7fd2e6828540                       Options.max_log_file_size: 0
2019/01/09-02:42:44.957027 7fd2e6828540                  Options.max_manifest_file_size: 18446744073709551615
2019/01/09-02:42:44.957028 7fd2e6828540                   Options.log_file_time_to_roll: 0
2019/01/09-02:42:44.957029 7fd2e6828540                       Options.keep_log_file_num: 1
2019/01/09-02:42:44.957030 7fd2e6828540                    Options.recycle_log_file_num: 0
2019/01/09-02:42:44.957031 7fd2e6828540                         Options.allow_fallocate: 1
2019/01/09-02:42:44.957032 7fd2e6828540                        Options.allow_mmap_reads: 0
2019/01/09-02:42:44.957033 7fd2e6828540                       Options.allow_mmap_writes: 0
2019/01/09-02:42:44.957034 7fd2e6828540                        Options.use_direct_reads: 0
2019/01/09-02:42:44.957035 7fd2e6828540                        Options.use_direct_io_for_flush_and_compaction: 0
2019/01/09-02:42:44.957036 7fd2e6828540          Options.create_missing_column_families: 0
2019/01/09-02:42:44.957037 7fd2e6828540                              Options.db_log_dir: 
2019/01/09-02:42:44.957038 7fd2e6828540                                 Options.wal_dir: node1/chains/HealthPoints/db/a7e85d79f8107887/overlayrecent/db
2019/01/09-02:42:44.957039 7fd2e6828540                Options.table_cache_numshardbits: 6
2019/01/09-02:42:44.957040 7fd2e6828540                      Options.max_subcompactions: 1
2019/01/09-02:42:44.957041 7fd2e6828540                  Options.max_background_flushes: -1
2019/01/09-02:42:44.957043 7fd2e6828540                         Options.WAL_ttl_seconds: 0
2019/01/09-02:42:44.957044 7fd2e6828540                       Options.WAL_size_limit_MB: 0
2019/01/09-02:42:44.957045 7fd2e6828540             Options.manifest_preallocation_size: 4194304
2019/01/09-02:42:44.957046 7fd2e6828540                     Options.is_fd_close_on_exec: 1
2019/01/09-02:42:44.957047 7fd2e6828540                   Options.advise_random_on_open: 1
2019/01/09-02:42:44.957048 7fd2e6828540                    Options.db_write_buffer_size: 8388608
2019/01/09-02:42:44.957049 7fd2e6828540                    Options.write_buffer_manager: 0x7fd2e4a80150
2019/01/09-02:42:44.957050 7fd2e6828540         Options.access_hint_on_compaction_start: 1
2019/01/09-02:42:44.957051 7fd2e6828540  Options.new_table_reader_for_compaction_inputs: 0
2019/01/09-02:42:44.957052 7fd2e6828540           Options.random_access_max_buffer_size: 1048576
2019/01/09-02:42:44.957053 7fd2e6828540                      Options.use_adaptive_mutex: 0
2019/01/09-02:42:44.957054 7fd2e6828540                            Options.rate_limiter: (nil)
2019/01/09-02:42:44.957065 7fd2e6828540     Options.sst_file_manager.rate_bytes_per_sec: 0
2019/01/09-02:42:44.957067 7fd2e6828540                       Options.wal_recovery_mode: 2
2019/01/09-02:42:44.957068 7fd2e6828540                  Options.enable_thread_tracking: 0
2019/01/09-02:42:44.957069 7fd2e6828540                  Options.enable_pipelined_write: 0
2019/01/09-02:42:44.957070 7fd2e6828540         Options.allow_concurrent_memtable_write: 1
2019/01/09-02:42:44.957071 7fd2e6828540      Options.enable_write_thread_adaptive_yield: 1
2019/01/09-02:42:44.957072 7fd2e6828540             Options.write_thread_max_yield_usec: 100
2019/01/09-02:42:44.957073 7fd2e6828540            Options.write_thread_slow_yield_usec: 3
2019/01/09-02:42:44.957074 7fd2e6828540                               Options.row_cache: None
2019/01/09-02:42:44.957075 7fd2e6828540                              Options.wal_filter: None
2019/01/09-02:42:44.957076 7fd2e6828540             Options.avoid_flush_during_recovery: 0
2019/01/09-02:42:44.957077 7fd2e6828540             Options.allow_ingest_behind: 0
2019/01/09-02:42:44.957078 7fd2e6828540             Options.preserve_deletes: 0
2019/01/09-02:42:44.957079 7fd2e6828540             Options.two_write_queues: 0
2019/01/09-02:42:44.957080 7fd2e6828540             Options.manual_wal_flush: 0
2019/01/09-02:42:44.957081 7fd2e6828540             Options.max_background_jobs: 1
2019/01/09-02:42:44.957082 7fd2e6828540             Options.max_background_compactions: -1
2019/01/09-02:42:44.957083 7fd2e6828540             Options.avoid_flush_during_shutdown: 0
2019/01/09-02:42:44.957084 7fd2e6828540           Options.writable_file_max_buffer_size: 1048576
2019/01/09-02:42:44.957085 7fd2e6828540             Options.delayed_write_rate : 16777216
2019/01/09-02:42:44.957086 7fd2e6828540             Options.max_total_wal_size: 0
2019/01/09-02:42:44.957087 7fd2e6828540             Options.delete_obsolete_files_period_micros: 21600000000
2019/01/09-02:42:44.957088 7fd2e6828540                   Options.stats_dump_period_sec: 600
2019/01/09-02:42:44.957090 7fd2e6828540                          Options.max_open_files: 512
2019/01/09-02:42:44.957091 7fd2e6828540                          Options.bytes_per_sync: 1048576
2019/01/09-02:42:44.957092 7fd2e6828540                      Options.wal_bytes_per_sync: 0
2019/01/09-02:42:44.957093 7fd2e6828540       Options.compaction_readahead_size: 0
2019/01/09-02:42:44.957094 7fd2e6828540 Compression algorithms supported:
2019/01/09-02:42:44.957095 7fd2e6828540 	kZSTDNotFinalCompression supported: 0
2019/01/09-02:42:44.957096 7fd2e6828540 	kZSTD supported: 0
2019/01/09-02:42:44.957097 7fd2e6828540 	kXpressCompression supported: 0
2019/01/09-02:42:44.957098 7fd2e6828540 	kLZ4HCCompression supported: 0
2019/01/09-02:42:44.957100 7fd2e6828540 	kLZ4Compression supported: 0
2019/01/09-02:42:44.957101 7fd2e6828540 	kBZip2Compression supported: 0
2019/01/09-02:42:44.957102 7fd2e6828540 	kZlibCompression supported: 0
2019/01/09-02:42:44.957103 7fd2e6828540 	kSnappyCompression supported: 1
2019/01/09-02:42:44.957105 7fd2e6828540 Fast CRC32 supported: Not supported on x86
2019/01/09-02:42:44.957323 7fd2e6828540 [/home/aewalle/.cargo/registry/src/github.com-1ecc6299db9ec823/parity-rocksdb-sys-0.5.3/rocksdb/db/version_set.cc:3085] Recovering from manifest file: MANIFEST-000005
2019/01/09-02:42:44.957434 7fd2e6828540 [/home/aewalle/.cargo/registry/src/github.com-1ecc6299db9ec823/parity-rocksdb-sys-0.5.3/rocksdb/db/column_family.cc:475] --------------- Options for column family [default]:
2019/01/09-02:42:44.957439 7fd2e6828540               Options.comparator: leveldb.BytewiseComparator
2019/01/09-02:42:44.957440 7fd2e6828540           Options.merge_operator: None
2019/01/09-02:42:44.957441 7fd2e6828540        Options.compaction_filter: None
2019/01/09-02:42:44.957442 7fd2e6828540        Options.compaction_filter_factory: None
2019/01/09-02:42:44.957443 7fd2e6828540         Options.memtable_factory: SkipListFactory
2019/01/09-02:42:44.957444 7fd2e6828540            Options.table_factory: BlockBasedTable
2019/01/09-02:42:44.957480 7fd2e6828540            table_factory options:   flush_block_policy_factory: FlushBlockBySizePolicyFactory (0x7fd2e4d1f068)
  cache_index_and_filter_blocks: 0
  cache_index_and_filter_blocks_with_high_priority: 0
  pin_l0_filter_and_index_blocks_in_cache: 0
  index_type: 0
  hash_index_allow_collision: 1
  checksum: 1
  no_block_cache: 0
  block_cache: 0x7fd2e4cb5aa0
  block_cache_name: LRUCache
  block_cache_options:
    capacity : 8388608
    num_shard_bits : 4
    strict_capacity_limit : 0
    high_pri_pool_ratio: 0.000
  block_cache_compressed: (nil)
  persistent_cache: (nil)
  block_size: 4096
  block_size_deviation: 10
  block_restart_interval: 16
  index_block_restart_interval: 1
  metadata_block_size: 4096
  partition_filters: 0
  use_delta_encoding: 1
  filter_policy: nullptr
  whole_key_filtering: 1
  verify_compression: 0
  read_amp_bytes_per_bit: 0
  format_version: 2
  enable_index_compression: 1
  block_align: 0
2019/01/09-02:42:44.957486 7fd2e6828540        Options.write_buffer_size: 67108864
2019/01/09-02:42:44.957487 7fd2e6828540  Options.max_write_buffer_number: 2
2019/01/09-02:42:44.957488 7fd2e6828540          Options.compression: Snappy
2019/01/09-02:42:44.957490 7fd2e6828540                  Options.bottommost_compression: Disabled
2019/01/09-02:42:44.957491 7fd2e6828540       Options.prefix_extractor: nullptr
2019/01/09-02:42:44.957492 7fd2e6828540   Options.memtable_insert_with_hint_prefix_extractor: nullptr
2019/01/09-02:42:44.957493 7fd2e6828540             Options.num_levels: 7
2019/01/09-02:42:44.957494 7fd2e6828540        Options.min_write_buffer_number_to_merge: 1
2019/01/09-02:42:44.957495 7fd2e6828540     Options.max_write_buffer_number_to_maintain: 0
2019/01/09-02:42:44.957496 7fd2e6828540            Options.compression_opts.window_bits: -14
2019/01/09-02:42:44.957497 7fd2e6828540                  Options.compression_opts.level: -1
2019/01/09-02:42:44.957498 7fd2e6828540               Options.compression_opts.strategy: 0
2019/01/09-02:42:44.957499 7fd2e6828540         Options.compression_opts.max_dict_bytes: 0
2019/01/09-02:42:44.957500 7fd2e6828540         Options.compression_opts.zstd_max_train_bytes: 0
2019/01/09-02:42:44.957501 7fd2e6828540      Options.level0_file_num_compaction_trigger: 4
2019/01/09-02:42:44.957502 7fd2e6828540          Options.level0_slowdown_writes_trigger: 20
2019/01/09-02:42:44.957503 7fd2e6828540              Options.level0_stop_writes_trigger: 36
2019/01/09-02:42:44.957504 7fd2e6828540                   Options.target_file_size_base: 67108864
2019/01/09-02:42:44.957505 7fd2e6828540             Options.target_file_size_multiplier: 1
2019/01/09-02:42:44.957506 7fd2e6828540                Options.max_bytes_for_level_base: 268435456
2019/01/09-02:42:44.957507 7fd2e6828540 Options.level_compaction_dynamic_level_bytes: 0
2019/01/09-02:42:44.957508 7fd2e6828540          Options.max_bytes_for_level_multiplier: 10.000000
2019/01/09-02:42:44.957510 7fd2e6828540 Options.max_bytes_for_level_multiplier_addtl[0]: 1
2019/01/09-02:42:44.957512 7fd2e6828540 Options.max_bytes_for_level_multiplier_addtl[1]: 1
2019/01/09-02:42:44.957513 7fd2e6828540 Options.max_bytes_for_level_multiplier_addtl[2]: 1
2019/01/09-02:42:44.957514 7fd2e6828540 Options.max_bytes_for_level_multiplier_addtl[3]: 1
2019/01/09-02:42:44.957515 7fd2e6828540 Options.max_bytes_for_level_multiplier_addtl[4]: 1
2019/01/09-02:42:44.957516 7fd2e6828540 Options.max_bytes_for_level_multiplier_addtl[5]: 1
2019/01/09-02:42:44.957517 7fd2e6828540 Options.max_bytes_for_level_multiplier_addtl[6]: 1
2019/01/09-02:42:44.957518 7fd2e6828540       Options.max_sequential_skip_in_iterations: 8
2019/01/09-02:42:44.957519 7fd2e6828540                    Options.max_compaction_bytes: 1677721600
2019/01/09-02:42:44.957520 7fd2e6828540                        Options.arena_block_size: 8388608
2019/01/09-02:42:44.957521 7fd2e6828540   Options.soft_pending_compaction_bytes_limit: 68719476736
2019/01/09-02:42:44.957522 7fd2e6828540   Options.hard_pending_compaction_bytes_limit: 274877906944
2019/01/09-02:42:44.957531 7fd2e6828540       Options.rate_limit_delay_max_milliseconds: 100
2019/01/09-02:42:44.957532 7fd2e6828540                Options.disable_auto_compactions: 0
2019/01/09-02:42:44.957534 7fd2e6828540                        Options.compaction_style: kCompactionStyleLevel
2019/01/09-02:42:44.957535 7fd2e6828540                          Options.compaction_pri: kByCompensatedSize
2019/01/09-02:42:44.957536 7fd2e6828540 Options.compaction_options_universal.size_ratio: 1
2019/01/09-02:42:44.957537 7fd2e6828540 Options.compaction_options_universal.min_merge_width: 2
2019/01/09-02:42:44.957539 7fd2e6828540 Options.compaction_options_universal.max_merge_width: 4294967295
2019/01/09-02:42:44.957540 7fd2e6828540 Options.compaction_options_universal.max_size_amplification_percent: 200
2019/01/09-02:42:44.957541 7fd2e6828540 Options.compaction_options_universal.compression_size_percent: -1
2019/01/09-02:42:44.957542 7fd2e6828540 Options.compaction_options_universal.stop_style: kCompactionStopStyleTotalSize
2019/01/09-02:42:44.957543 7fd2e6828540 Options.compaction_options_fifo.max_table_files_size: 1073741824
2019/01/09-02:42:44.957544 7fd2e6828540 Options.compaction_options_fifo.allow_compaction: 0
2019/01/09-02:42:44.957545 7fd2e6828540 Options.compaction_options_fifo.ttl: 0
2019/01/09-02:42:44.957546 7fd2e6828540                   Options.table_properties_collectors: 
2019/01/09-02:42:44.957547 7fd2e6828540                   Options.inplace_update_support: 0
2019/01/09-02:42:44.957548 7fd2e6828540                 Options.inplace_update_num_locks: 10000
2019/01/09-02:42:44.957549 7fd2e6828540               Options.memtable_prefix_bloom_size_ratio: 0.000000
2019/01/09-02:42:44.957551 7fd2e6828540   Options.memtable_huge_page_size: 0
2019/01/09-02:42:44.957552 7fd2e6828540                           Options.bloom_locality: 0
2019/01/09-02:42:44.957553 7fd2e6828540                    Options.max_successive_merges: 0
2019/01/09-02:42:44.957554 7fd2e6828540                Options.optimize_filters_for_hits: 0
2019/01/09-02:42:44.957555 7fd2e6828540                Options.paranoid_file_checks: 0
2019/01/09-02:42:44.957556 7fd2e6828540                Options.force_consistency_checks: 0
2019/01/09-02:42:44.957557 7fd2e6828540                Options.report_bg_io_stats: 0
2019/01/09-02:42:44.957558 7fd2e6828540                               Options.ttl: 0
2019/01/09-02:42:44.957602 7fd2e6828540 [/home/aewalle/.cargo/registry/src/github.com-1ecc6299db9ec823/parity-rocksdb-sys-0.5.3/rocksdb/db/column_family.cc:475] --------------- Options for column family [col0]:
2019/01/09-02:42:44.957605 7fd2e6828540               Options.comparator: leveldb.BytewiseComparator
2019/01/09-02:42:44.957606 7fd2e6828540           Options.merge_operator: None
2019/01/09-02:42:44.957607 7fd2e6828540        Options.compaction_filter: None
2019/01/09-02:42:44.957608 7fd2e6828540        Options.compaction_filter_factory: None
2019/01/09-02:42:44.957609 7fd2e6828540         Options.memtable_factory: SkipListFactory
2019/01/09-02:42:44.957610 7fd2e6828540            Options.table_factory: BlockBasedTable
2019/01/09-02:42:44.957623 7fd2e6828540            table_factory options:   flush_block_policy_factory: FlushBlockBySizePolicyFactory (0x7fd2e4d1f230)
  cache_index_and_filter_blocks: 1
  cache_index_and_filter_blocks_with_high_priority: 0
  pin_l0_filter_and_index_blocks_in_cache: 1
  index_type: 0
  hash_index_allow_collision: 1
  checksum: 1
  no_block_cache: 0
  block_cache: 0x7fd2e4cb5a40
  block_cache_name: LRUCache
  block_cache_options:
    capacity : 44739242
    num_shard_bits : 6
    strict_capacity_limit : 0
    high_pri_pool_ratio: 0.000
  block_cache_compressed: (nil)
  persistent_cache: (nil)
  block_size: 16384
  block_size_deviation: 10
  block_restart_interval: 16
  index_block_restart_interval: 1
  metadata_block_size: 4096
  partition_filters: 0
  use_delta_encoding: 1
  filter_policy: nullptr
  whole_key_filtering: 1
  verify_compression: 0
  read_amp_bytes_per_bit: 0
  format_version: 2
  enable_index_compression: 1
  block_align: 0
2019/01/09-02:42:44.957635 7fd2e6828540        Options.write_buffer_size: 4194304
2019/01/09-02:42:44.957637 7fd2e6828540  Options.max_write_buffer_number: 6
2019/01/09-02:42:44.957638 7fd2e6828540          Options.compression: Snappy
2019/01/09-02:42:44.957639 7fd2e6828540                  Options.bottommost_compression: Disabled
2019/01/09-02:42:44.957640 7fd2e6828540       Options.prefix_extractor: nullptr
2019/01/09-02:42:44.957641 7fd2e6828540   Options.memtable_insert_with_hint_prefix_extractor: nullptr
2019/01/09-02:42:44.957642 7fd2e6828540             Options.num_levels: 7
2019/01/09-02:42:44.957643 7fd2e6828540        Options.min_write_buffer_number_to_merge: 2
2019/01/09-02:42:44.957644 7fd2e6828540     Options.max_write_buffer_number_to_maintain: 0
2019/01/09-02:42:44.957645 7fd2e6828540            Options.compression_opts.window_bits: -14
2019/01/09-02:42:44.957646 7fd2e6828540                  Options.compression_opts.level: -1
2019/01/09-02:42:44.957647 7fd2e6828540               Options.compression_opts.strategy: 0
2019/01/09-02:42:44.957648 7fd2e6828540         Options.compression_opts.max_dict_bytes: 0
2019/01/09-02:42:44.957649 7fd2e6828540         Options.compression_opts.zstd_max_train_bytes: 0
2019/01/09-02:42:44.957650 7fd2e6828540      Options.level0_file_num_compaction_trigger: 2
2019/01/09-02:42:44.957651 7fd2e6828540          Options.level0_slowdown_writes_trigger: 20
2019/01/09-02:42:44.957652 7fd2e6828540              Options.level0_stop_writes_trigger: 36
2019/01/09-02:42:44.957653 7fd2e6828540                   Options.target_file_size_base: 67108864
2019/01/09-02:42:44.957654 7fd2e6828540             Options.target_file_size_multiplier: 1
2019/01/09-02:42:44.957655 7fd2e6828540                Options.max_bytes_for_level_base: 16777216
2019/01/09-02:42:44.957656 7fd2e6828540 Options.level_compaction_dynamic_level_bytes: 1
2019/01/09-02:42:44.957657 7fd2e6828540          Options.max_bytes_for_level_multiplier: 10.000000
2019/01/09-02:42:44.957659 7fd2e6828540 Options.max_bytes_for_level_multiplier_addtl[0]: 1
2019/01/09-02:42:44.957660 7fd2e6828540 Options.max_bytes_for_level_multiplier_addtl[1]: 1
2019/01/09-02:42:44.957661 7fd2e6828540 Options.max_bytes_for_level_multiplier_addtl[2]: 1
2019/01/09-02:42:44.957662 7fd2e6828540 Options.max_bytes_for_level_multiplier_addtl[3]: 1
2019/01/09-02:42:44.957663 7fd2e6828540 Options.max_bytes_for_level_multiplier_addtl[4]: 1
2019/01/09-02:42:44.957664 7fd2e6828540 Options.max_bytes_for_level_multiplier_addtl[5]: 1
2019/01/09-02:42:44.957665 7fd2e6828540 Options.max_bytes_for_level_multiplier_addtl[6]: 1
2019/01/09-02:42:44.957666 7fd2e6828540       Options.max_sequential_skip_in_iterations: 8
2019/01/09-02:42:44.957667 7fd2e6828540                    Options.max_compaction_bytes: 1677721600
2019/01/09-02:42:44.957668 7fd2e6828540                        Options.arena_block_size: 524288
2019/01/09-02:42:44.957669 7fd2e6828540   Options.soft_pending_compaction_bytes_limit: 68719476736
2019/01/09-02:42:44.957670 7fd2e6828540   Options.hard_pending_compaction_bytes_limit: 274877906944
2019/01/09-02:42:44.957671 7fd2e6828540       Options.rate_limit_delay_max_milliseconds: 100
2019/01/09-02:42:44.957672 7fd2e6828540                Options.disable_auto_compactions: 0
2019/01/09-02:42:44.957674 7fd2e6828540                        Options.compaction_style: kCompactionStyleLevel
2019/01/09-02:42:44.957675 7fd2e6828540                          Options.compaction_pri: kByCompensatedSize
2019/01/09-02:42:44.957676 7fd2e6828540 Options.compaction_options_universal.size_ratio: 1
2019/01/09-02:42:44.957677 7fd2e6828540 Options.compaction_options_universal.min_merge_width: 2
2019/01/09-02:42:44.957678 7fd2e6828540 Options.compaction_options_universal.max_merge_width: 4294967295
2019/01/09-02:42:44.957679 7fd2e6828540 Options.compaction_options_universal.max_size_amplification_percent: 200
2019/01/09-02:42:44.957680 7fd2e6828540 Options.compaction_options_universal.compression_size_percent: -1
2019/01/09-02:42:44.957681 7fd2e6828540 Options.compaction_options_universal.stop_style: kCompactionStopStyleTotalSize
2019/01/09-02:42:44.957689 7fd2e6828540 Options.compaction_options_fifo.max_table_files_size: 1073741824
2019/01/09-02:42:44.957691 7fd2e6828540 Options.compaction_options_fifo.allow_compaction: 0
2019/01/09-02:42:44.957692 7fd2e6828540 Options.compaction_options_fifo.ttl: 0
2019/01/09-02:42:44.957693 7fd2e6828540                   Options.table_properties_collectors: 
2019/01/09-02:42:44.957694 7fd2e6828540                   Options.inplace_update_support: 0
2019/01/09-02:42:44.957695 7fd2e6828540                 Options.inplace_update_num_locks: 10000
2019/01/09-02:42:44.957696 7fd2e6828540               Options.memtable_prefix_bloom_size_ratio: 0.000000
2019/01/09-02:42:44.957697 7fd2e6828540   Options.memtable_huge_page_size: 0
2019/01/09-02:42:44.957699 7fd2e6828540                           Options.bloom_locality: 0
2019/01/09-02:42:44.957700 7fd2e6828540                    Options.max_successive_merges: 0
2019/01/09-02:42:44.957701 7fd2e6828540                Options.optimize_filters_for_hits: 0
2019/01/09-02:42:44.957702 7fd2e6828540                Options.paranoid_file_checks: 0
2019/01/09-02:42:44.957703 7fd2e6828540                Options.force_consistency_checks: 0
2019/01/09-02:42:44.957703 7fd2e6828540                Options.report_bg_io_stats: 0
2019/01/09-02:42:44.957704 7fd2e6828540                               Options.ttl: 0
2019/01/09-02:42:44.957732 7fd2e6828540 [/home/aewalle/.cargo/registry/src/github.com-1ecc6299db9ec823/parity-rocksdb-sys-0.5.3/rocksdb/db/column_family.cc:475] --------------- Options for column family [col1]:
2019/01/09-02:42:44.957734 7fd2e6828540               Options.comparator: leveldb.BytewiseComparator
2019/01/09-02:42:44.957735 7fd2e6828540           Options.merge_operator: None
2019/01/09-02:42:44.957736 7fd2e6828540        Options.compaction_filter: None
2019/01/09-02:42:44.957737 7fd2e6828540        Options.compaction_filter_factory: None
2019/01/09-02:42:44.957738 7fd2e6828540         Options.memtable_factory: SkipListFactory
2019/01/09-02:42:44.957739 7fd2e6828540            Options.table_factory: BlockBasedTable
2019/01/09-02:42:44.957750 7fd2e6828540            table_factory options:   flush_block_policy_factory: FlushBlockBySizePolicyFactory (0x7fd2e4d1f020)
  cache_index_and_filter_blocks: 1
  cache_index_and_filter_blocks_with_high_priority: 0
  pin_l0_filter_and_index_blocks_in_cache: 1
  index_type: 0
  hash_index_allow_collision: 1
  checksum: 1
  no_block_cache: 0
  block_cache: 0x7fd2e4cb5a40
  block_cache_name: LRUCache
  block_cache_options:
    capacity : 44739242
    num_shard_bits : 6
    strict_capacity_limit : 0
    high_pri_pool_ratio: 0.000
  block_cache_compressed: (nil)
  persistent_cache: (nil)
  block_size: 16384
  block_size_deviation: 10
  block_restart_interval: 16
  index_block_restart_interval: 1
  metadata_block_size: 4096
  partition_filters: 0
  use_delta_encoding: 1
  filter_policy: nullptr
  whole_key_filtering: 1
  verify_compression: 0
  read_amp_bytes_per_bit: 0
  format_version: 2
  enable_index_compression: 1
  block_align: 0
2019/01/09-02:42:44.957751 7fd2e6828540        Options.write_buffer_size: 4194304
2019/01/09-02:42:44.957753 7fd2e6828540  Options.max_write_buffer_number: 6
2019/01/09-02:42:44.957754 7fd2e6828540          Options.compression: Snappy
2019/01/09-02:42:44.957755 7fd2e6828540                  Options.bottommost_compression: Disabled
2019/01/09-02:42:44.957756 7fd2e6828540       Options.prefix_extractor: nullptr
2019/01/09-02:42:44.957757 7fd2e6828540   Options.memtable_insert_with_hint_prefix_extractor: nullptr
2019/01/09-02:42:44.957758 7fd2e6828540             Options.num_levels: 7
2019/01/09-02:42:44.957759 7fd2e6828540        Options.min_write_buffer_number_to_merge: 2
2019/01/09-02:42:44.957760 7fd2e6828540     Options.max_write_buffer_number_to_maintain: 0
2019/01/09-02:42:44.957761 7fd2e6828540            Options.compression_opts.window_bits: -14
2019/01/09-02:42:44.957762 7fd2e6828540                  Options.compression_opts.level: -1
2019/01/09-02:42:44.957772 7fd2e6828540               Options.compression_opts.strategy: 0
2019/01/09-02:42:44.957774 7fd2e6828540         Options.compression_opts.max_dict_bytes: 0
2019/01/09-02:42:44.957775 7fd2e6828540         Options.compression_opts.zstd_max_train_bytes: 0
2019/01/09-02:42:44.957776 7fd2e6828540      Options.level0_file_num_compaction_trigger: 2
2019/01/09-02:42:44.957777 7fd2e6828540          Options.level0_slowdown_writes_trigger: 20
2019/01/09-02:42:44.957778 7fd2e6828540              Options.level0_stop_writes_trigger: 36
2019/01/09-02:42:44.957779 7fd2e6828540                   Options.target_file_size_base: 67108864
2019/01/09-02:42:44.957780 7fd2e6828540             Options.target_file_size_multiplier: 1
2019/01/09-02:42:44.957781 7fd2e6828540                Options.max_bytes_for_level_base: 16777216
2019/01/09-02:42:44.957782 7fd2e6828540 Options.level_compaction_dynamic_level_bytes: 1
2019/01/09-02:42:44.957783 7fd2e6828540          Options.max_bytes_for_level_multiplier: 10.000000
2019/01/09-02:42:44.957785 7fd2e6828540 Options.max_bytes_for_level_multiplier_addtl[0]: 1
2019/01/09-02:42:44.957786 7fd2e6828540 Options.max_bytes_for_level_multiplier_addtl[1]: 1
2019/01/09-02:42:44.957787 7fd2e6828540 Options.max_bytes_for_level_multiplier_addtl[2]: 1
2019/01/09-02:42:44.957788 7fd2e6828540 Options.max_bytes_for_level_multiplier_addtl[3]: 1
2019/01/09-02:42:44.957789 7fd2e6828540 Options.max_bytes_for_level_multiplier_addtl[4]: 1
2019/01/09-02:42:44.957790 7fd2e6828540 Options.max_bytes_for_level_multiplier_addtl[5]: 1
2019/01/09-02:42:44.957791 7fd2e6828540 Options.max_bytes_for_level_multiplier_addtl[6]: 1
2019/01/09-02:42:44.957792 7fd2e6828540       Options.max_sequential_skip_in_iterations: 8
2019/01/09-02:42:44.957793 7fd2e6828540                    Options.max_compaction_bytes: 1677721600
2019/01/09-02:42:44.957794 7fd2e6828540                        Options.arena_block_size: 524288
2019/01/09-02:42:44.957795 7fd2e6828540   Options.soft_pending_compaction_bytes_limit: 68719476736
2019/01/09-02:42:44.957796 7fd2e6828540   Options.hard_pending_compaction_bytes_limit: 274877906944
2019/01/09-02:42:44.957797 7fd2e6828540       Options.rate_limit_delay_max_milliseconds: 100
2019/01/09-02:42:44.957798 7fd2e6828540                Options.disable_auto_compactions: 0
2019/01/09-02:42:44.957799 7fd2e6828540                        Options.compaction_style: kCompactionStyleLevel
2019/01/09-02:42:44.957800 7fd2e6828540                          Options.compaction_pri: kByCompensatedSize
2019/01/09-02:42:44.957801 7fd2e6828540 Options.compaction_options_universal.size_ratio: 1
2019/01/09-02:42:44.957802 7fd2e6828540 Options.compaction_options_universal.min_merge_width: 2
2019/01/09-02:42:44.957803 7fd2e6828540 Options.compaction_options_universal.max_merge_width: 4294967295
2019/01/09-02:42:44.957804 7fd2e6828540 Options.compaction_options_universal.max_size_amplification_percent: 200
2019/01/09-02:42:44.957805 7fd2e6828540 Options.compaction_options_universal.compression_size_percent: -1
2019/01/09-02:42:44.957806 7fd2e6828540 Options.compaction_options_universal.stop_style: kCompactionStopStyleTotalSize
2019/01/09-02:42:44.957808 7fd2e6828540 Options.compaction_options_fifo.max_table_files_size: 1073741824
2019/01/09-02:42:44.957809 7fd2e6828540 Options.compaction_options_fifo.allow_compaction: 0
2019/01/09-02:42:44.957810 7fd2e6828540 Options.compaction_options_fifo.ttl: 0
2019/01/09-02:42:44.957811 7fd2e6828540                   Options.table_properties_collectors: 
2019/01/09-02:42:44.957812 7fd2e6828540                   Options.inplace_update_support: 0
2019/01/09-02:42:44.957813 7fd2e6828540                 Options.inplace_update_num_locks: 10000
2019/01/09-02:42:44.957814 7fd2e6828540               Options.memtable_prefix_bloom_size_ratio: 0.000000
2019/01/09-02:42:44.957815 7fd2e6828540   Options.memtable_huge_page_size: 0
2019/01/09-02:42:44.957816 7fd2e6828540                           Options.bloom_locality: 0
2019/01/09-02:42:44.957817 7fd2e6828540                    Options.max_successive_merges: 0
2019/01/09-02:42:44.957824 7fd2e6828540                Options.optimize_filters_for_hits: 0
2019/01/09-02:42:44.957825 7fd2e6828540                Options.paranoid_file_checks: 0
2019/01/09-02:42:44.957826 7fd2e6828540                Options.force_consistency_checks: 0
2019/01/09-02:42:44.957827 7fd2e6828540                Options.report_bg_io_stats: 0
2019/01/09-02:42:44.957828 7fd2e6828540                               Options.ttl: 0
2019/01/09-02:42:44.957849 7fd2e6828540 [/home/aewalle/.cargo/registry/src/github.com-1ecc6299db9ec823/parity-rocksdb-sys-0.5.3/rocksdb/db/column_family.cc:475] --------------- Options for column family [col2]:
2019/01/09-02:42:44.957851 7fd2e6828540               Options.comparator: leveldb.BytewiseComparator
2019/01/09-02:42:44.957852 7fd2e6828540           Options.merge_operator: None
2019/01/09-02:42:44.957853 7fd2e6828540        Options.compaction_filter: None
2019/01/09-02:42:44.957854 7fd2e6828540        Options.compaction_filter_factory: None
2019/01/09-02:42:44.957856 7fd2e6828540         Options.memtable_factory: SkipListFactory
2019/01/09-02:42:44.957857 7fd2e6828540            Options.table_factory: BlockBasedTable
2019/01/09-02:42:44.957867 7fd2e6828540            table_factory options:   flush_block_policy_factory: FlushBlockBySizePolicyFactory (0x7fd2e4d1f278)
  cache_index_and_filter_blocks: 1
  cache_index_and_filter_blocks_with_high_priority: 0
  pin_l0_filter_and_index_blocks_in_cache: 1
  index_type: 0
  hash_index_allow_collision: 1
  checksum: 1
  no_block_cache: 0
  block_cache: 0x7fd2e4cb5a40
  block_cache_name: LRUCache
  block_cache_options:
    capacity : 44739242
    num_shard_bits : 6
    strict_capacity_limit : 0
    high_pri_pool_ratio: 0.000
  block_cache_compressed: (nil)
  persistent_cache: (nil)
  block_size: 16384
  block_size_deviation: 10
  block_restart_interval: 16
  index_block_restart_interval: 1
  metadata_block_size: 4096
  partition_filters: 0
  use_delta_encoding: 1
  filter_policy: nullptr
  whole_key_filtering: 1
  verify_compression: 0
  read_amp_bytes_per_bit: 0
  format_version: 2
  enable_index_compression: 1
  block_align: 0
2019/01/09-02:42:44.957868 7fd2e6828540        Options.write_buffer_size: 4194304
2019/01/09-02:42:44.957869 7fd2e6828540  Options.max_write_buffer_number: 6
2019/01/09-02:42:44.957870 7fd2e6828540          Options.compression: Snappy
2019/01/09-02:42:44.957871 7fd2e6828540                  Options.bottommost_compression: Disabled
2019/01/09-02:42:44.957872 7fd2e6828540       Options.prefix_extractor: nullptr
2019/01/09-02:42:44.957873 7fd2e6828540   Options.memtable_insert_with_hint_prefix_extractor: nullptr
2019/01/09-02:42:44.957874 7fd2e6828540             Options.num_levels: 7
2019/01/09-02:42:44.957875 7fd2e6828540        Options.min_write_buffer_number_to_merge: 2
2019/01/09-02:42:44.957876 7fd2e6828540     Options.max_write_buffer_number_to_maintain: 0
2019/01/09-02:42:44.957877 7fd2e6828540            Options.compression_opts.window_bits: -14
2019/01/09-02:42:44.957878 7fd2e6828540                  Options.compression_opts.level: -1
2019/01/09-02:42:44.957879 7fd2e6828540               Options.compression_opts.strategy: 0
2019/01/09-02:42:44.957880 7fd2e6828540         Options.compression_opts.max_dict_bytes: 0
2019/01/09-02:42:44.957881 7fd2e6828540         Options.compression_opts.zstd_max_train_bytes: 0
2019/01/09-02:42:44.957882 7fd2e6828540      Options.level0_file_num_compaction_trigger: 2
2019/01/09-02:42:44.957883 7fd2e6828540          Options.level0_slowdown_writes_trigger: 20
2019/01/09-02:42:44.957884 7fd2e6828540              Options.level0_stop_writes_trigger: 36
2019/01/09-02:42:44.957885 7fd2e6828540                   Options.target_file_size_base: 67108864
2019/01/09-02:42:44.957886 7fd2e6828540             Options.target_file_size_multiplier: 1
2019/01/09-02:42:44.957887 7fd2e6828540                Options.max_bytes_for_level_base: 16777216
2019/01/09-02:42:44.957888 7fd2e6828540 Options.level_compaction_dynamic_level_bytes: 1
2019/01/09-02:42:44.957889 7fd2e6828540          Options.max_bytes_for_level_multiplier: 10.000000
2019/01/09-02:42:44.957900 7fd2e6828540 Options.max_bytes_for_level_multiplier_addtl[0]: 1
2019/01/09-02:42:44.957902 7fd2e6828540 Options.max_bytes_for_level_multiplier_addtl[1]: 1
2019/01/09-02:42:44.957903 7fd2e6828540 Options.max_bytes_for_level_multiplier_addtl[2]: 1
2019/01/09-02:42:44.957904 7fd2e6828540 Options.max_bytes_for_level_multiplier_addtl[3]: 1
2019/01/09-02:42:44.957905 7fd2e6828540 Options.max_bytes_for_level_multiplier_addtl[4]: 1
2019/01/09-02:42:44.957906 7fd2e6828540 Options.max_bytes_for_level_multiplier_addtl[5]: 1
2019/01/09-02:42:44.957907 7fd2e6828540 Options.max_bytes_for_level_multiplier_addtl[6]: 1
2019/01/09-02:42:44.957908 7fd2e6828540       Options.max_sequential_skip_in_iterations: 8
2019/01/09-02:42:44.957909 7fd2e6828540                    Options.max_compaction_bytes: 1677721600
2019/01/09-02:42:44.957910 7fd2e6828540                        Options.arena_block_size: 524288
2019/01/09-02:42:44.957911 7fd2e6828540   Options.soft_pending_compaction_bytes_limit: 68719476736
2019/01/09-02:42:44.957912 7fd2e6828540   Options.hard_pending_compaction_bytes_limit: 274877906944
2019/01/09-02:42:44.957913 7fd2e6828540       Options.rate_limit_delay_max_milliseconds: 100
2019/01/09-02:42:44.957914 7fd2e6828540                Options.disable_auto_compactions: 0
2019/01/09-02:42:44.957915 7fd2e6828540                        Options.compaction_style: kCompactionStyleLevel
2019/01/09-02:42:44.957916 7fd2e6828540                          Options.compaction_pri: kByCompensatedSize
2019/01/09-02:42:44.957917 7fd2e6828540 Options.compaction_options_universal.size_ratio: 1
2019/01/09-02:42:44.957918 7fd2e6828540 Options.compaction_options_universal.min_merge_width: 2
2019/01/09-02:42:44.957919 7fd2e6828540 Options.compaction_options_universal.max_merge_width: 4294967295
2019/01/09-02:42:44.957920 7fd2e6828540 Options.compaction_options_universal.max_size_amplification_percent: 200
2019/01/09-02:42:44.957921 7fd2e6828540 Options.compaction_options_universal.compression_size_percent: -1
2019/01/09-02:42:44.957922 7fd2e6828540 Options.compaction_options_universal.stop_style: kCompactionStopStyleTotalSize
2019/01/09-02:42:44.957923 7fd2e6828540 Options.compaction_options_fifo.max_table_files_size: 1073741824
2019/01/09-02:42:44.957924 7fd2e6828540 Options.compaction_options_fifo.allow_compaction: 0
2019/01/09-02:42:44.957925 7fd2e6828540 Options.compaction_options_fifo.ttl: 0
2019/01/09-02:42:44.957926 7fd2e6828540                   Options.table_properties_collectors: 
2019/01/09-02:42:44.957927 7fd2e6828540                   Options.inplace_update_support: 0
2019/01/09-02:42:44.957928 7fd2e6828540                 Options.inplace_update_num_locks: 10000
2019/01/09-02:42:44.957929 7fd2e6828540               Options.memtable_prefix_bloom_size_ratio: 0.000000
2019/01/09-02:42:44.957931 7fd2e6828540   Options.memtable_huge_page_size: 0
2019/01/09-02:42:44.957932 7fd2e6828540                           Options.bloom_locality: 0
2019/01/09-02:42:44.957933 7fd2e6828540                    Options.max_successive_merges: 0
2019/01/09-02:42:44.957934 7fd2e6828540                Options.optimize_filters_for_hits: 0
2019/01/09-02:42:44.957935 7fd2e6828540                Options.paranoid_file_checks: 0
2019/01/09-02:42:44.957936 7fd2e6828540                Options.force_consistency_checks: 0
2019/01/09-02:42:44.957937 7fd2e6828540                Options.report_bg_io_stats: 0
2019/01/09-02:42:44.957938 7fd2e6828540                               Options.ttl: 0
2019/01/09-02:42:44.957954 7fd2e6828540 [/home/aewalle/.cargo/registry/src/github.com-1ecc6299db9ec823/parity-rocksdb-sys-0.5.3/rocksdb/db/column_family.cc:475] --------------- Options for column family [col3]:
2019/01/09-02:42:44.957956 7fd2e6828540               Options.comparator: leveldb.BytewiseComparator
2019/01/09-02:42:44.957957 7fd2e6828540           Options.merge_operator: None
2019/01/09-02:42:44.957958 7fd2e6828540        Options.compaction_filter: None
2019/01/09-02:42:44.957959 7fd2e6828540        Options.compaction_filter_factory: None
2019/01/09-02:42:44.957968 7fd2e6828540         Options.memtable_factory: SkipListFactory
2019/01/09-02:42:44.957970 7fd2e6828540            Options.table_factory: BlockBasedTable
2019/01/09-02:42:44.957981 7fd2e6828540            table_factory options:   flush_block_policy_factory: FlushBlockBySizePolicyFactory (0x7fd2e4d1f2a0)
  cache_index_and_filter_blocks: 1
  cache_index_and_filter_blocks_with_high_priority: 0
  pin_l0_filter_and_index_blocks_in_cache: 1
  index_type: 0
  hash_index_allow_collision: 1
  checksum: 1
  no_block_cache: 0
  block_cache: 0x7fd2e4cb5a40
  block_cache_name: LRUCache
  block_cache_options:
    capacity : 44739242
    num_shard_bits : 6
    strict_capacity_limit : 0
    high_pri_pool_ratio: 0.000
  block_cache_compressed: (nil)
  persistent_cache: (nil)
  block_size: 16384
  block_size_deviation: 10
  block_restart_interval: 16
  index_block_restart_interval: 1
  metadata_block_size: 4096
  partition_filters: 0
  use_delta_encoding: 1
  filter_policy: nullptr
  whole_key_filtering: 1
  verify_compression: 0
  read_amp_bytes_per_bit: 0
  format_version: 2
  enable_index_compression: 1
  block_align: 0
2019/01/09-02:42:44.957982 7fd2e6828540        Options.write_buffer_size: 4194304
2019/01/09-02:42:44.957983 7fd2e6828540  Options.max_write_buffer_number: 6
2019/01/09-02:42:44.957984 7fd2e6828540          Options.compression: Snappy
2019/01/09-02:42:44.957985 7fd2e6828540                  Options.bottommost_compression: Disabled
2019/01/09-02:42:44.957986 7fd2e6828540       Options.prefix_extractor: nullptr
2019/01/09-02:42:44.957987 7fd2e6828540   Options.memtable_insert_with_hint_prefix_extractor: nullptr
2019/01/09-02:42:44.957988 7fd2e6828540             Options.num_levels: 7
2019/01/09-02:42:44.957989 7fd2e6828540        Options.min_write_buffer_number_to_merge: 2
2019/01/09-02:42:44.957990 7fd2e6828540     Options.max_write_buffer_number_to_maintain: 0
2019/01/09-02:42:44.957991 7fd2e6828540            Options.compression_opts.window_bits: -14
2019/01/09-02:42:44.957992 7fd2e6828540                  Options.compression_opts.level: -1
2019/01/09-02:42:44.957993 7fd2e6828540               Options.compression_opts.strategy: 0
2019/01/09-02:42:44.957994 7fd2e6828540         Options.compression_opts.max_dict_bytes: 0
2019/01/09-02:42:44.957995 7fd2e6828540         Options.compression_opts.zstd_max_train_bytes: 0
2019/01/09-02:42:44.957996 7fd2e6828540      Options.level0_file_num_compaction_trigger: 2
2019/01/09-02:42:44.957997 7fd2e6828540          Options.level0_slowdown_writes_trigger: 20
2019/01/09-02:42:44.957998 7fd2e6828540              Options.level0_stop_writes_trigger: 36
2019/01/09-02:42:44.957999 7fd2e6828540                   Options.target_file_size_base: 67108864
2019/01/09-02:42:44.958000 7fd2e6828540             Options.target_file_size_multiplier: 1
2019/01/09-02:42:44.958001 7fd2e6828540                Options.max_bytes_for_level_base: 16777216
